 -1 -1 4
 -4 -2 4
 -3 -2 4
 -2 -1 4
 -2 -1 4
 -1 -1 4
 -6 -2 4
 -7 -3 4
 -7 -3 4
 -4 -2 4
 -3 -1 4
 -3 -1 4
 -2 -1 4
 -3 -1 4
 -1 0 4
 -1 0 4
 -2 -1 4
 -4 -2 4
 -5 -3 4
 -6 -3 4
 -5 -3 4
 -5 -2 4
 -5 -3 4
 -7 -3 3
 -5 -2 4
 -2 -1 4
 -1 -1 4
 -2 0 4
 -1 0 4
 -3 -1 4
 -3 -2 4
 -3 -1 4
 -4 -2 4
 -4 -2 4
 -3 -1 4
 -3 -1 4
 0 0 4
 2 1 4
 0 0 4
 -3 -1 4
 -5 -2 4
 -5 -2 4
 -4 -2 4
 -2 -1 4
 1 0 4
 0 1 4
 -1 0 4
 -3 -1 4
 -3 -1 4
 -3 -2 4
 -1 0 4
 0 0 4
 1 0 4
 -1 0 4
 -3 -2 4
 0 0 4
 0 0 4
 -1 0 4
 -3 -1 4
 -3 -2 4
 -3 -1 4
 -1 -1 4
 -3 -1 3
 -3 -2 4
 -4 -2 4
 -3 -1 4
 -3 -2 4
 -3 -1 4
 -4 -1 4
 -2 -1 4
 -1 0 4
 -3 -2 3
 -4 -2 4
 -4 -2 4
 -4 -2 4
 -3 -1 4
 -3 -1 4
 -3 -1 4
 -4 -2 4
 -4 -1 4
 -4 -2 4
 -4 -2 4
 -1 -1 4
 2 1 5
 -1 -1 4
 -5 -2 4
 -7 -3 3
 -7 -3 4
 -3 -1 4
 -4 -2 3
 -3 -1 4
 -3 -2 4
 -4 -2 4
 -4 -2 4
 -5 -2 3
 -4 -2 4
 -3 -2 4
 -5 -2 4
 -6 -3 4
 -6 -3 4
 -4 -2 4
 -5 -2 4
 -6 -3 3
 -7 -3 4
 -4 -2 4
 -3 -1 4
 1 1 4
 -2 -1 4
 -2 -1 4
 -3 -1 4
 -3 -2 4
 -2 -1 4
 -1 -1 4
 -3 -1 4
 -4 -2 4
 -4 -2 4
 -4 -2 4
 -3 -1 4
 -3 -1 4
 -3 -1 4
 -3 -2 4
 -5 -3 4
 -5 -2 4
 -5 -3 4
 -4 -2 4
 -3 -2 4
 -2 -1 4
 -3 -1 4
 -3 -2 4
 -5 -2 4
 -4 -2 4
 -3 -1 4
 -3 -2 4
 -3 -2 4
 -4 -2 4
 -3 -2 4
 -1 0 4
 -2 -1 4
 -4 -1 4
 -5 -2 4
 -4 -2 4
 -3 -1 4
 -2 -1 3
 -2 -1 4
 -3 -1 4
 -4 -2 4
 -5 -2 4
 -5 -2 4
 -4 -1 4
 -3 -2 4
 -3 -1 4
 -3 -1 4
 -3 -2 4
 -4 -1 4
 -3 -1 4
 -3 -1 4
 -3 -2 4
 -4 -2 4
 -4 -2 4
 -4 -2 4
 -3 -2 4
 -3 -1 4
 -3 -2 4
 -3 -2 4
 -3 -2 4
 -4 -2 4
 -4 -2 4
 -4 -1 4
 -4 -2 4
 -4 -2 4
 -4 -2 4
 -3 -2 4
 -3 -1 4
 -2 -1 4
 -2 -1 4
 -3 -1 4
 -3 -1 4
 -3 -2 4
 -4 -2 4
 -10 -6 4
 -11 -6 4
 -5 -2 4
 -2 -1 4
 -1 0 4
 -1 0 4
 -3 -1 4
 -3 -2 4
 -4 -2 4
 -4 -2 4
 -3 -2 4
 -3 -2 4
 -5 -2 4
 -4 -1 4
 -5 -2 4
 -5 -2 4
 -3 -1 4
 -5 -2 4
 -3 -2 4
 -3 -1 3
 -2 -1 4
 -2 -1 4
 -2 -1 4
 -3 -1 4
 -3 -2 4
 -3 -1 4
 -3 -1 4
 -3 -2 4
 -4 -2 4
 -5 -2 4
 -4 -2 4
 -3 -2 4
 -4 -2 4
 -4 -2 4
 -3 -1 4
 -4 -2 4
 -4 -1 5
 -4 -2 4
 -5 -3 4
 -7 -3 4
 -5 -3 4
 -4 -2 4
 -2 -1 4
 -1 -1 4
 -2 -1 4
 -3 -2 4
 -3 -2 4
 -4 -2 4
 -3 -2 4
 -4 -2 4
 -4 -2 4
 -5 -2 4
 -4 -2 4
 -2 -1 4
 -2 -1 4
 -3 -1 4
 -3 -1 3
 1 0 4
 -3 -1 5
 -10 -4 3
 -11 -5 4
 -8 -4 4
 -6 -3 4
 -3 -1 4
 -2 -1 4
 -2 -1 3
 -3 -1 4
 -4 -2 4
 -5 -3 4
 -5 -2 4
 -4 -2 3
 -2 -1 4
 -2 -1 4
 -3 -2 4
 -4 -2 4
 -1 0 3
 -1 0 4
 0 0 4
 0 0 4
 -2 -1 4
 0 0 4
 2 1 4
 -2 -1 4
 -5 -2 4
 -9 -4 4
 -10 -5 4
 -9 -4 4
 -6 -3 4
 -4 -2 4
 -4 -1 4
 -4 -2 4
 -5 -2 4
 -5 -3 4
 -6 -2 4
 -4 -2 4
 -3 -2 4
 -3 -1 4
 -3 -2 4
 -3 -2 4
 -4 -2 4
 -4 -2 4
 -5 -2 4
 -7 -3 4
 -8 -4 4
 -9 -4 4
 -7 -3 4
 -5 -2 4
 -3 -1 4
 -3 -1 4
 -3 -1 4
 -4 -1 4
 -5 -2 4
 -4 -1 4
 -3 -2 4
 -5 -2 4
 -7 -3 4
 -7 -3 4
 -6 -3 4
 -5 -2 4
 -4 -2 4
 -4 -2 3
 -4 -2 4
 -4 -2 4
 -3 -2 4
 -2 -1 4
 0 0 4
 0 0 4
 -2 0 4
 -3 -1 4
 -4 -2 4
 -2 0 4
 -1 -1 4
 -1 -1 4
 -3 -1 4
 -3 -1 4
 -3 -2 4
 -5 -3 4
 -6 -3 4
 -7 -3 4
 -7 -8 -45
 0 1 15
 -5 -2 11
 -10 15 16
 -5 -18 4
 -13 -9 3
 -21 6 -2
 -22 -18 29
 -55 3 12
 -13 -16 44
 -6 -36 17
 -4 -35 20
 -19 -25 9
 1 -27 29
 7 -19 12
 1 7 47
 4 4 54
 -13 22 34
 -14 -6 36
 -11 7 36
 -16 -1 34
 -21 6 9
 -16 36 17
 3 15 17
 4 15 31
 10 -11 17
 2 -19 14
 -6 -19 13
 -1 -10 15
 -14 8 9
 -47 6 5
 -57 16 11
 -50 -8 19
 -68 -4 -6
 60 -13 1
 207 20 20
 59 4 16
 -78 14 7
 -30 11 9
 1 5 4
 19 -8 4
 14 -4 9
 27 -22 -1
 0 -12 -5
 4 -9 -10
 -2 -1 -15
 -2 18 -16
 18 -1 -2
 17 -9 22
 20 -14 24
 -12 -5 18
 7 -20 4
 10 -3 8
 -22 -5 -14
 -20 19 -20
 -13 8 -7
 0 16 -3
 -18 12 -1
 -20 20 -11
 -35 13 -20
 -21 18 -24
 -28 5 -21
 -23 -4 -15
 -6 -1 -9
 -6 -10 -11
 34 -2 2
 25 -5 1
 20 5 11
 1 -9 13
 26 0 25
 0 -9 20
 -11 -9 21
 2 -9 23
 -4 -7 15
 -29 -16 -6
 -24 -6 -15
 26 -5 -2
 2 2 -10
 6 5 -2
 6 7 12
 46 3 6
 11 12 2
 14 -2 9
 -8 -7 17
 -37 10 5
 -48 -3 -11
 -42 -11 -28
 -39 2 -28
 -24 4 -19
 -4 0 -14
 13 2 -3
 23 1 1
 -16 0 6
 -24 6 20
 4 -1 17
 -16 1 9
 -3 5 -3
 25 12 -5
 18 18 -7
 29 6 2
 34 14 10
 42 -17 9
 -60 -19 8
 -82 -27 3
 -59 -14 -4
 -10 -3 5
 9 -7 1
 38 -2 -3
 -7 3 -6
 -32 -12 3
 -131 -19 -11
 -62 -9 -4
 161 22 10
 131 16 14
 62 4 14
 -87 -25 19
 -220 -26 9
 21 -8 -2
 65 11 4
 60 1 17
 -26 -21 7
 -82 -46 20
 -68 -23 2
 1 -14 -5
 66 3 3
 59 25 -6
 61 6 -16
 -68 -2 -4
 12 -10 -4
 -20 -4 -2
 -5 -13 -12
 -26 2 8
 8 17 11
 -39 -64 -13
 6 -28 -7
 33 -7 -6
 36 10 7
 -26 -10 0
 -55 -24 2
 13 19 16
 10 16 21
 -39 19 7
 -68 20 -6
 4 7 4
 7 -19 18
 39 -27 19
 15 -33 4
 19 -31 5
 -4 -3 3
 25 0 8
 27 -24 11
 68 -3 19
 45 39 13
 -45 12 3
 -87 12 -10
 -72 3 -6
 66 -8 12
 53 -25 17
 -153 -44 -12
 10 20 -3
 31 22 13
 33 4 12
 -32 -10 -2
 7 -2 -7
 83 19 19
 -17 -37 0
 -8 -4 1
 -7 -2 2
 -20 -9 4
 12 -7 2
 -56 -10 1
 -11 0 -9
 -30 -5 7
 44 -7 0
 -112 -30 -5
 58 6 6
 -99 -31 -23
 99 23 25
 -75 -11 -33
 -134 5 14
 -7 22 -5
 55 13 18
 108 13 15
 12 2 12
 -75 -14 3
 -26 18 5
 85 17 24
 49 16 13
 23 54 17
 -5 97 33
 -24 106 36
 5 23 23
 18 -52 35
 57 -120 29
 68 -136 9
 29 -115 -5
 -65 -32 -48
 -125 86 -75
 -57 118 -16
 26 127 32
 34 69 56
 33 -20 47
 36 -98 11
 67 -118 -12
 -81 -141 -37
 -71 -30 -21
 -76 61 4
 -12 104 8
 44 71 32
 55 -21 15
 -7 -131 -21
 7 -148 -9
 97 -104 -14
 50 45 -4
 -1 103 -22
 -64 46 -7
 -29 -1 17
 -192 -43 -16
 -94 -17 7
 26 -18 2
 76 -32 17
 106 -15 27
 10 16 16
 -17 25 29
 -72 -33 16
 -64 4 -13
 31 5 11
 42 5 23
 -8 26 11
 14 14 14
 -62 93 12
 -59 -38 -15
 -88 -13 24
 -36 1 21
 -49 -1 22
 -35 0 7
 -23 -9 -6
 7 10 1
 5 23 -8
 8 22 -3
 1 23 -8
 33 29 -11
 86 57 -14
 232 61 -25
 8 -5 -28
 -20 -4 -4
 53 0 3
 6 -3 -6
 -23 -12 -20
 -175 -30 1
 48 8 15
 -19 -4 25
 -14 -3 17
 5 0 10
 -5 -2 6
 -4 -1 5
 -6 -2 4
 -6 -2 4
 -5 -2 4
 -6 -2 4
 -5 -2 4
 -5 -2 4
 -5 -1 4
 -2 -1 4
 -3 -2 4
 -4 -2 4
 -5 -2 4
 -8 -3 4
 -6 -2 4
 -6 -2 4
 -7 -2 4
 -8 -2 4
 -6 -2 4
 -7 -2 4
 -6 -2 4
 -4 -2 4
 -5 -2 4
 -4 -2 4
 -5 -2 4
 -4 -2 4
 -4 -2 4
 -4 -2 4
 -3 -2 4
 -4 -2 4
 -4 -2 4
 -4 -2 4
 -3 -1 4
 -4 -1 4
 -3 -2 4
 -4 -2 4
 -4 -1 4
 -3 -2 4
 -3 -2 4
 -4 -1 4
 -3 -1 4
 -4 -2 4
 -3 -2 4
 -3 -2 4
 -3 -1 4
 -4 -1 4
 -4 -2 4
 -4 -2 4
 -4 -1 4
 -4 -1 4
 -4 -2 4
 -4 -2 4
 -4 -2 4
 -4 -2 4
 -3 -2 4
 -4 -2 4
 -4 -2 4
 -3 -2 4
 -4 -2 4
 -4 -2 4
 -4 -2 4
 -4 -1 4
 -4 -2 4
 -4 -2 4
 -3 -2 4
 -4 -2 4
 -3 -2 4
 -4 -2 4
 -4 -1 4
 -4 -1 4
 -4 -2 4
 -4 -1 4
 -4 -1 4
 -3 -2 4
 -4 -1 4
 -4 -2 4
 -3 -1 4
 -4 -1 4
 -4 -1 4
 -4 -2 4
 -4 -2 4
 -4 -1 4
 -4 -1 4
 -4 -1 4
 -4 -2 4
 -4 -1 4
 -4 -2 4
 -4 -2 4
 -4 -2 4
 -4 -1 4
 -3 -2 4
 -4 -1 4
 -4 -2 4
 -4 -2 4
 -4 -2 4
 -4 -1 4
 -4 -2 4
 -4 -2 4
 -4 -1 4
 -4 -1 4
 -4 -1 4
 -3 -2 4
 -4 -2 4
 -3 -2 4
 -3 -2 4
 -4 -2 4
 -4 -2 3
 -3 -2 4
 -3 -1 4
 -4 -2 4
 -3 -2 4
 -4 -2 4
 -3 -2 4
 -3 -2 4
 -3 -1 4
 -3 -2 4
 -4 -2 4
 -3 -2 4
 -3 -2 4
 -4 -2 4
 -4 -2 4
 -3 -2 4
 -4 -2 4
 -4 -1 4
 -3 -2 4
 -4 -2 4
 -4 -2 4
 -4 -2 4
 -3 -2 4
 -4 -1 4
 -4 -2 4
 -4 -1 4
 -4 -1 4
 -4 -2 4
 -4 -1 4
 -4 -2 4
 -4 -2 4
 -4 -1 4
 -4 -2 4
 -3 -1 4
 -4 -2 4
 -4 -1 4