 -4 -1 4
 -3 -2 4
 -4 -2 4
 -4 -1 4
 -4 -1 4
 -4 -2 4
 -4 -2 4
 -4 -2 4
 -4 -2 4
 -4 -2 4
 -4 -2 4
 -4 -2 4
 -4 -1 4
 -4 -2 4
 -4 -2 4
 -4 -1 4
 -4 -1 4
 -4 -1 4
 -4 -2 4
 -4 -2 4
 -4 -1 4
 -4 -1 4
 -4 -1 4
 -4 -1 4
 -4 -2 4
 -4 -1 4
 -4 -1 4
 -4 -1 4
 -4 -1 4
 -4 -2 4
 -4 -1 4
 -4 -2 4
 -4 -2 4
 -4 -1 4
 -3 -1 4
 -4 -1 4
 -4 -2 4
 -3 -1 4
 -4 -2 4
 -4 -2 4
 -4 -2 4
 -4 -2 4
 -4 -2 4
 -4 -1 4
 -4 -2 4
 -4 -2 4
 -4 -1 4
 -4 -2 4
 -4 -2 4
 -4 -2 4
 -3 -1 4
 -4 -1 4
 -4 -1 4
 -4 -1 4
 -4 -2 4
 -4 -1 4
 -4 -2 4
 -4 -2 4
 -4 -2 4
 -4 -1 4
 -4 -1 4
 -4 -2 4
 -4 -1 4
 -4 -1 4
 -5 -1 4
 -5 -1 4
 -4 -1 4
 -4 -2 4
 -4 -2 4
 -4 -2 4
 -4 -2 4
 -2 -2 4
 -5 -1 4
 -4 -1 3
 -4 -1 4
 -4 -2 4
 -4 -1 4
 -4 -2 4
 -4 -2 4
 -4 -2 4
 -4 -2 4
 -4 -2 4
 -4 -1 4
 -4 -1 4
 -4 -2 4
 -4 -1 4
 -4 -2 4
 -4 -1 4
 -4 -1 4
 -4 -1 4
 -4 -1 4
 -4 -1 4
 -4 -2 4
 -4 -2 4
 -4 -2 4
 -4 -2 4
 -3 -2 4
 -4 -1 4
 -4 -2 4
 -4 -2 4
 -4 -1 4
 -4 -2 4
 -4 -1 4
 -4 -2 4
 -4 -2 4
 -4 -1 4
 -3 -2 4
 -4 -1 4
 -4 -1 4
 -4 -1 4
 -4 -1 4
 -4 -2 4
 -4 -1 4
 -4 -2 4
 -3 -1 4
 -4 -2 4
 -3 -2 4
 -4 -2 4
 -4 -2 4
 -4 -2 4
 -3 -2 4
 -4 -2 4
 -3 -2 3
 -4 -2 4
 -4 -1 4
 -4 -2 4
 -4 -2 4
 -4 -1 4
 -4 -2 4
 -4 -1 4
 -4 -1 4
 -4 -1 4
 -4 -1 4
 -4 -2 4
 -4 -2 4
 -4 -1 4
 -4 -2 4
 -4 -2 4
 -4 -2 4
 -4 -1 4
 -4 -1 4
 -5 -1 4
 -5 -1 4
 -4 -2 4
 -4 -1 4
 -4 -2 4
 -4 -1 4
 -4 -2 4
 -3 -2 4
 -4 -2 4
 -4 -2 4
 -4 -1 4
 -4 -2 4
 -4 -1 4
 -4 -2 4
 -4 -2 4
 -4 -2 4
 -4 -1 4
 -4 -2 4
 -4 -2 4
 -4 -2 4
 -4 -1 4
 -4 -2 4
 -4 -2 4
 -4 -2 4
 -4 -1 4
 -5 -1 4
 -4 -1 4
 -4 -2 4
 -4 -1 4
 -4 -2 4
 -4 -1 4
 -4 -2 4
 -4 -2 4
 -3 -2 3
 -4 -1 4
 -3 -2 4
 -4 -1 4
 -3 -2 3
 -3 -2 4
 -3 -1 4
 -4 -2 4
 -4 -1 4
 -4 -1 4
 -3 -2 4
 -4 -1 3
 -3 -2 4
 -4 -1 3
 -4 -1 4
 -4 -2 4
 -4 -2 4
 -4 -2 4
 -4 -2 4
 -4 -2 4
 -4 -1 4
 -4 -2 4
 -4 -1 4
 -4 -2 4
 -4 -1 4
 -4 -1 4
 -3 -2 4
 -4 -1 4
 -4 -1 4
 -4 -1 4
 -4 -1 4
 -4 -2 4
 -4 -2 4
 -4 -2 4
 -4 -1 4
 -4 -1 4
 -4 -1 4
 -4 -2 4
 -3 -1 4
 -4 -2 4
 -4 -2 4
 -4 -1 4
 -4 -1 4
 -5 -1 4
 -4 -2 4
 -4 -2 4
 -4 -1 4
 -4 -1 4
 -4 -2 4
 -4 -2 4
 -4 -2 4
 -4 -2 4
 -4 -2 4
 -4 -2 4
 -3 -1 4
 -3 -2 4
 -4 -2 4
 -3 -2 4
 -4 -2 4
 -4 -2 4
 -4 -2 4
 -4 -1 4
 -4 -1 4
 -3 -2 4
 -3 -2 4
 -4 -2 4
 -3 -1 4
 -4 -1 4
 -4 -1 4
 -4 -1 4
 -4 -1 4
 -4 -1 4
 -4 -1 4
 -4 -2 4
 -4 -1 4
 -4 -1 4
 -4 -1 4
 -4 -2 4
 -4 -2 4
 -4 -1 4
 -4 -1 4
 -4 -2 4
 -4 -2 4
 -4 -2 4
 -4 -1 4
 -4 -1 4
 -4 -2 4
 -3 -1 4
 -4 -2 4
 -4 -1 3
 -4 -1 4
 -4 -1 4
 -3 -2 4
 -4 -1 4
 -4 -2 4
 -4 -2 4
 -4 -1 4
 -4 -2 4
 -4 -2 4
 -4 -2 4
 -4 -1 4
 -3 -2 4
 -3 -1 4
 -4 -2 4
 -4 -1 4
 -4 -2 4
 -4 -1 4
 -4 -2 4
 -4 -1 4
 -4 -2 4
 -4 -2 4
 -4 -2 4
 -4 -2 4
 -5 -1 4
 -4 -1 4
 -4 -1 4
 -4 -1 4
 -4 -2 4
 -3 -1 4
 -4 -2 4
 -4 -1 3
 -4 -1 4
 -4 -1 4
 -3 -1 4
 -4 -2 4
 -3 -2 4
 -4 -2 4
 -4 -2 4
 -4 -2 4
 -4 -1 3
 -4 -2 4
 -4 -1 4
 -4 -1 4
 -4 -1 4
 -4 -1 4
 -4 -1 4
 -4 -2 4
 -4 -2 4
 -4 -1 4
 -4 -1 4
 -4 -2 4
 -4 -1 4
 -4 -2 4
 -4 -2 4
 -4 -2 4
 -4 -1 4
 -4 -2 4
 -4 -2 4
 -4 -1 4
 -5 -1 4
 -5 -1 4
 -5 -1 4
 -4 -1 4
 -4 -1 4
 -4 -1 4
 -4 -2 4
 -4 -2 -85
 2 -5 -47
 -3 -1 73
 -3 -2 94
 -3 -2 29
 -5 -1 7
 -5 -1 5
 -5 1 -186
 -4 -2 -7
 -1 -2 56
 -4 -1 6
 -4 -1 4
 -4 -1 4
 -3 -2 39
 -5 -1 -9
 -3 -2 28
 -31 -10 -28
 -24 91 -136
 77 65 53
 810 -298 -22
 361 -13 -29
 97 -42 -28
 -42 7 19
 -209 21 61
 -552 29 103
 -426 -57 -6
 -356 -13 30
 8 119 62
 -46 224 50
 -127 202 -24
 69 8 -92
 68 -24 18
 86 -246 -8
 -2 -37 16
 10 -34 7
 41 12 8
 31 9 8
 -4 -2 4
 -4 -1 18
 -4 -1 34
 -4 -2 22
 -4 -2 7
 -4 -2 5
 -4 -1 5
 -4 -2 5
 -4 -2 5
 -4 -2 5
 -4 -2 4
 -4 -2 5
 -4 -1 4
 -4 -1 5
 -3 -1 5
 -3 -2 5
 -3 -1 5
 -3 -2 5
 -4 -2 4
 -4 -1 4
 -4 -1 5
 -3 -2 4
 -4 -2 4
 -4 -1 5
 -4 -2 4
 -4 -2 4
 -4 -1 4
 -4 -1 4
 -4 -1 4
 -4 -2 4
 -4 -1 4
 -5 -1 5
 -4 -1 4
 -4 -1 4
 -4 -1 4
 -4 -2 4
 -4 -2 4
 -3 -1 5
 -4 -2 4
 -4 -2 4
 -4 -2 4
 -4 -2 4
 -4 -2 4
 -4 -1 4
 -3 -1 5
 -4 -1 4
 -4 -1 4
 -3 -2 4
 -4 -1 4
 -4 -2 5
 -4 -2 4
 -4 -2 4
 -4 -1 4
 -4 -1 4
 -3 -2 4
 -4 -2 4
 -3 -2 4
 -3 -2 4
 -4 -1 4
 -3 -2 4
 -4 -2 4
 -4 -2 5
 -3 -2 4
 -4 -2 4
 -4 -1 4
 -4 -2 5
 -4 -2 4
 -3 -2 4
 -4 -1 4
 -4 -1 4
 -4 -1 4
 -4 -1 4
 -4 -1 4
 -4 -1 4
 -4 -2 4
 -3 -2 4
 -4 -2 4
 -4 -1 4
 -4 -1 4
 -4 -2 4
 -4 -1 4
 -4 -2 4
 -4 -2 4
 -4 -1 4
 -4 -2 4
 -4 -1 4
 -4 -1 4
 -4 -1 4
 -4 -2 4
 -4 -2 4
 -3 -1 4
 -4 -2 4
 -3 -2 4
 -4 -2 4
 -3 -2 4
 -4 -2 4
 -3 -1 4
 -4 -1 4
 -4 -2 5
 -4 -1 4
 -4 -2 4
 -4 -1 4
 -4 -2 4
 -4 -1 4
 -4 -1 4
 -4 -1 4
 -4 -2 4
 -4 -2 4
 -4 -2 4
 -4 -2 4
 -3 -1 4
 -5 -1 5
 -4 -2 3
 -4 -1 4
 -4 -1 4
 -4 -2 4
 -4 -1 4
 -4 -1 4
 -3 -1 4
 -4 -1 4
 -4 -2 4
 -4 -2 4
 -4 -1 4
 -4 -1 4
 -4 -2 4
 -4 -1 4
 -3 -2 4
 -4 -1 4
 -4 -2 4
 -4 -2 4
 -4 -2 4
 -4 -1 4
 -4 -2 4
 -4 -1 4
 -4 -2 4
 -4 -1 4
 -4 -1 4
 -4 -2 4
 -4 -1 4
 -4 -1 4
 -4 -2 4
 -3 -1 3
 -4 -2 4
 -4 -1 4
 -4 -2 4
 -4 -2 4
 -4 -1 4
 -4 -2 4
 -4 -1 4
 -3 -2 4
 -4 -2 4
 -3 -1 4
 -4 -1 4
 -4 -1 4
 -4 -1 4
 -4 -2 4
 -3 -2 4
 -4 -1 4
 -4 -1 4
 -4 -1 3
 -4 -1 4
 -4 -1 4
 -4 -1 4
 -4 -1 4
 -3 -1 4
 -4 -2 4
 -4 -2 4
 -4 -2 4
 -4 -2 4
 -4 -1 4
 -4 -2 4
 -4 -1 4
 -4 -2 4
 -4 -1 4
 -4 -2 4
 -3 -1 4
 -3 -1 4
 -4 -1 4
 -3 -1 4
 -4 -1 4
 -3 -2 4
 -4 -2 4
 -4 -2 4
 -3 -1 4
 -4 -2 4
 -4 -1 4
 -4 -2 4
 -4 -2 4
 -4 -2 4
 -3 -2 4
 -4 -2 4
 -4 -1 4
 -4 -2 4
 -4 -1 4
 -4 -2 4
 -4 -2 4
 -4 -2 4
 -4 -2 4
 -3 -1 4
 -4 -1 4
 -4 -1 4
 -4 -2 4
 -4 -1 4
 -4 -2 4
 -4 -2 4
 -4 -1 4
 -4 -2 4
 -4 -2 4
 -4 -1 4
 -4 -2 4
 -3 -1 4
 -4 -1 4
 -4 -1 4
 -4 -1 4
 -4 -1 4
 -4 -2 4
 -4 -1 4
 -4 -2 4
 -4 -2 4
 -4 -2 3
 -4 -2 4
 -4 -2 4
 -4 -2 4
 -4 -1 4
 -4 -2 4
 -4 -2 4
 -4 -2 4
 -4 -2 4
 -4 -2 4
 -3 -2 4
 -4 -1 4
 -4 -1 4
 -4 -1 4
 -4 -1 4
 -4 -2 4
 -4 -2 4
 -4 -2 4
 -4 -2 4
 -4 -2 4
 -4 -2 4
 -4 -1 4
 -4 -1 4
 -4 -2 4
 -4 -1 4
 -4 -1 4
 -4 -2 4
 -4 -1 4
 -4 -2 4
 -4 -2 4
 -4 -1 4
 -4 -1 4
 -4 -3 4
 -4 -2 4
 -4 -1 4
 -4 -2 4
 -4 -1 4
 -4 -1 4
 -3 -1 4
 -4 -2 4
 -4 -1 4
 -4 -2 4
 -3 -1 4
 -3 -2 4
 -3 -2 4
 -4 -2 4
 -4 -1 4
 -4 -1 4
 -3 -1 4
 -4 -1 4
 -4 -1 4
 -4 -2 4
 -4 -2 4
 -4 -2 4
 -4 -1 4
 -4 -1 4
 -4 -2 4
 -4 -2 4
 -4 -1 4
 -4 -2 4
 -4 -1 4
 -4 -2 4
 -3 -1 4
 -4 -2 4
 -4 -1 4
 -4 -2 4
 -3 -2 4
 -4 -1 4
 -4 -1 4
 -4 -1 4
 -4 -1 4
 -4 -1 4
 -4 -1 4
 -4 -1 4
 -3 -1 4
 -4 -2 4
 -4 -1 3
 -3 -1 4
 -4 -1 4
 -4 -1 4
 -4 -1 4
 -4 -2 4
 -4 -1 4
 -4 -2 4
 -4 -1 4
 -4 -2 4
 -4 -2 4
 -4 -2 4
 -4 -1 4
 -4 -1 4
 -4 -1 4
 -4 -1 4
 -4 -2 4
 -4 -1 4
 -4 -1 4
 -4 -2 4
 -4 -1 4
 -4 -2 4
 -4 -1 4
 -4 -1 4
 -4 -1 4
 -4 -2 4
 -4 -2 4
 -4 -1 4
 -3 -2 4
 -4 -1 4
 -3 -2 4
 -4 -1 4
 -3 -1 4
 -4 -2 4
 -4 -2 4
 -4 -1 4
 -4 -2 4
 -4 -2 4
 -4 -2 4
 -4 -2 4
 -4 -1 4
 -4 -2 4
 -4 -1 4
 -4 -1 4
 -4 -2 4
 -4 -2 4
 -4 -2 4
 -4 -1 4
 -4 -1 4
 -4 -2 4
 -4 -2 4
 -4 -1 4
 -4 -2 4
 -4 -1 4
 -3 -1 4
 -4 -1 4
 -4 -2 4
 -4 -1 4
 -4 -1 4
 -4 -1 4
 -4 -2 4
 -4 -1 4
 -4 -2 4
 -4 -2 4
 -4 -2 3
 -4 -1 4
 -4 -2 4
 -4 -1 3
 -4 -1 4
 -4 -2 4
 -4 -2 4
 -4 -2 4
 -4 -1 4
 -4 -1 4
 -4 -1 4
 -4 -1 4
 -4 -2 4
 -4 -2 4
 -4 -1 4
 -4 -1 4
 -4 -1 4
 -4 -2 4
 -4 -1 4
 -4 -2 4
 -4 -1 4
 -4 -2 4
 -4 -1 4
 -4 -2 4
 -4 -1 4
 -4 -1 4
 -5 -1 4
 -4 -2 4
 -4 -1 4
 -4 -2 4
 -4 -1 4
 -4 -2 4
 -3 -2 4
 -4 -1 4
 -4 -1 4
 -4 -2 4
 -4 -2 3
 -4 -1 4
 -4 -2 4
 -4 -1 4
 -4 -1 4
 -4 -2 4
 -4 -2 4
 -4 -1 4
 -4 -1 4
 -4 -2 4
 -4 -1 4
 -4 -2 4
 -4 -2 4
 -4 -2 4
 -4 -2 4
 -4 -1 4
 -4 -1 4
 -4 -1 4
 -4 -1 4
 -4 -2 4
 -4 -2 4
 -4 -2 4
 -4 -1 4
 -4 -1 4
 -4 -2 4
 -4 -2 4
 -4 -2 4
 -4 -1 4
 -4 -1 4
 -4 -2 4
 -4 -1 4
 -4 -2 4
 -3 -2 4
 -4 -2 4
 -4 -2 4
 -4 -1 4
 -4 -1 4
 -4 -1 4
 -4 -2 4
 -4 -1 4
 -4 -1 4
 -4 -1 4
 -4 -2 4
 -4 -1 4
 -4 -2 4
 -4 -2 4
 -4 -1 4
 -4 -1 4
 -4 -1 4
 -4 -1 4
 -4 -1 4
 -4 -1 4
 -4 -2 4
 -4 -1 4
 -4 -2 4
 -4 -1 4
 -4 -2 4
 -4 -1 4
 -4 -2 3
 -4 -1 4
 -4 -1 4
 -3 -1 4
 -4 -2 4
 -4 -1 4
 -4 -1 3
 -4 -2 4
 -4 -1 4
 -4 -2 4
 -4 -2 4
 -4 -1 3
 -4 -2 4
 -4 -1 4
 -3 -2 4
 -3 -1 4
 -4 -1 4
 -4 -2 4
 -4 -1 4
 -4 -2 4
 -4 -1 4
 -4 -1 4
 -3 -2 4
 -4 -2 4
 -4 -2 4
 -3 -2 4
 -4 -1 4
 -4 -2 4
 -4 -1 4
 -4 -2 4
 -4 -2 4
 -4 -1 4
 -4 -1 4
 -4 -2 4
 -3 -1 4
 -4 -1 4
 -4 -2 4
 -4 -2 4
 -4 -2 4
 -4 -1 4
 -4 -2 4
 -4 -1 4
 -4 -2 4
 -4 -1 4
 -4 -1 4
 -4 -1 4
 -4 -2 4
 -4 -1 4
 -4 -2 4
 -4 -2 4
 -4 -2 4
 -4 -2 3
 -4 -2 4
 -4 -2 4
 -4 -2 4
 -4 -1 4
 -4 -2 4
 -4 -1 4
 -4 -2 4
 -4 -1 4
 -3 -2 4
 -4 -2 4
 -4 -1 4
 -3 -1 4
 -4 -2 4
 -4 -2 4
 -4 -2 4
 -4 -2 4
 -4 -2 4
 -4 -2 4
 -4 -2 4
 -4 -2 4
 -4 -2 4
 -3 -1 4
 -3 -2 4
 -4 -2 4
 -4 -2 4
 -3 -2 4
 -3 -2 4
 -4 -2 4
 -4 -2 4
 -4 -1 4
 -4 -1 4
 -4 -2 4
 -4 -2 4
 -4 -2 4
 -4 -2 3
 -4 -2 4
 -4 -1 4
 -4 -1 4
 -3 -1 4
 -4 -2 4
 -4 -1 4
 -4 -1 4
 -4 -2 4
 -4 -2 4
 -4 -1 4
 -4 -2 4
 -4 -2 4
 -4 -2 4
 -4 -2 4
 -3 -2 4
 -4 -1 4
 -4 -1 4
 -4 -1 4
 -4 -2 4
 -4 -2 4
 -4 -2 4
 -3 -2 4
 -4 -1 4
 -4 -1 4
 -4 -1 4
 -4 -1 4
 -4 -2 4
 -4 -2 4
 -4 -2 4
 -4 -1 3
 -4 -2 4
 -4 -2 4
 -4 -1 4
 -4 -1 4
 -4 -2 4
 -4 -2 3
 -4 -2 4
 -4 -1 4
 -4 -1 4
 -4 -1 4
 -4 -1 4
 -4 -2 4
 -4 -2 3
 -4 -2 4
 -4 -1 4
 -4 -1 4
 -4 -2 4
 -4 -1 4
 -4 -2 4
 -4 -1 4
 -4 -2 4
 -4 -2 4
 -4 -2 4
 -3 -1 4
 -4 -1 4
 -4 -1 3
 -4 -2 3
 -4 -1 4
 -4 -1 4
 -4 -2 4
 -4 -2 4
 -4 -1 4
 -4 -1 4
 -4 -1 4
 -4 -1 4
 -4 -1 4
 -4 -1 4
 -4 -2 4
 -4 -2 4
 -4 -2 4
 -4 -2 4
 -4 -2 4
 -4 -1 4
 -4 -2 4
 -4 -1 4
 -4 -2 4
 -4 -2 4
 -4 -1 4
 -4 -2 4
 -4 -2 4
 -4 -2 4
 -4 -1 3
 -3 -2 4
 -4 -2 4
 -4 -2 4
 -4 -2 4
 -4 -2 4
 -4 -1 4
 -4 -1 4
 -4 -2 4
 -4 -1 4
 -4 -2 4
 -4 -2 4
 -4 -2 4
 -4 -1 4
 -4 -2 4
 -4 -1 4
 -4 -2 4
 -4 -1 4
 -4 -1 4
 -4 -2 4
 -4 -1 3
 -4 -1 4
 -4 -2 4
 -4 -1 4
 -4 -1 4
 -4 -1 4
 -4 -1 4
 -4 -2 4
 -4 -2 4
 -4 -1 4
 -4 -2 4
 -4 -2 4
 -4 -1 4
 -4 -2 3
 -4 -2 4
 -4 -2 4
 -3 -1 4
 -4 -2 4
 -4 -2 4
 -4 -2 4
 -4 -2 4
 -4 -1 4
 -4 -1 4
 -4 -1 4
 -4 -1 4
 -4 -1 4
 -4 -2 4
 -4 -1 4
 -4 -1 4
 -4 -1 4
 -4 -2 4
 -4 -1 4
 -4 -2 4
 -4 -2 4
 -4 -1 4
 -4 -1 4
 -4 -1 4
 -4 -2 4
 -4 -2 4
 -4 -2 4
 -4 -2 4
 -4 -1 4
 -3 -1 4
 -4 -2 4
 -4 -1 4
 -4 -2 4
 -4 -1 4
 -4 -2 4
 -4 -1 4
 -4 -1 4
 -4 -1 4
 -4 -2 4
 -4 -2 4
 -4 -1 4
 -4 -1 4
 -4 -1 4
 -4 -2 4
 -4 -2 3
 -4 -2 4
 -4 -1 4
 -4 -1 4
 -4 -2 4
 -4 -2 4
 -4 -2 4
 -4 -2 4
 -4 -1 4
 -4 -1 4
 -4 -2 4
 -4 -1 4
 -4 -2 4
 -4 -2 4
 -4 -2 3
 -4 -1 4
 -4 -2 4
 -4 -1 4
 -4 -1 4
 -4 -1 4
 -4 -2 4
 -4 -2 4
 -4 -2 4
 -4 -1 4
 -4 -1 4
 -4 -2 4
 -4 -1 4
 -4 -2 4
 -4 -1 5
 -4 -1 4
 -4 -2 4
 -4 -2 4
 -4 -2 4
 -4 -2 4
 -4 -2 4
 -4 -2 4
 -3 -1 4
 -4 -1 4
 -4 -1 4
 -4 -2 4
 -4 -1 4
 -4 -2 4
 -4 -2 4
 -4 -1 4
 -4 -2 4
 -4 -2 4
 -4 -2 4
 -4 -2 4
 -4 -2 4
 -4 -2 4
 -4 -2 4
 -4 -2 4
 -4 -2 4
 -4 -2 3
 -4 -2 4
 -4 -1 4
 -4 -2 4
 -4 -2 4
 -4 -1 4
 -4 -1 4
 -4 -2 4
 -4 -1 4
 -4 -1 4
 -4 -1 4
 -4 -2 4
 -4 -2 4
 -3 -2 4
 -4 -1 4
 -4 -2 4
 -4 -1 4
 -4 -2 4
 -4 -2 4
 -4 -1 4
 -4 -1 4
 -4 -1 4
 -4 -2 4
 -4 -1 4
 -4 -2 4
 -4 -2 4
 -4 -2 4
 -4 -2 4
 -4 -1 4
 -4 -1 4
 -4 -2 3
 -4 -2 4
 -4 -2 4
 -4 -1 4
 -4 -1 4
 -4 -1 4
 -4 -2 4
 -4 -1 3
 -4 -2 4
 -4 -1 4
 -4 -1 4
 -4 -1 4
 -4 -2 4
 -4 -2 4
 -4 -2 4
 -4 -2 4
 -4 -1 4
 -4 -1 4
 -4 -2 4
 -4 -1 3
 -4 -2 4
 -4 -1 4
 -4 -1 4
 -4 -1 4
 -4 -2 4
 -4 -2 4
 -4 -2 4
 -4 -2 4
 -4 -1 4
 -4 -1 4
 -4 -1 4
 -4 -2 4
 -4 -1 4
 -4 -2 4
 -4 -1 4
 -4 -1 4
 -3 -2 4
 -4 -1 4
 -4 -2 4
 -4 -2 4
 -4 -1 4
 -4 -1 4
 -4 -2 4
 -3 -2 4
 -4 -2 4
 -4 -2 4
 -4 -2 4
 -4 -1 4
 -4 -1 4
 -4 -2 4
 -4 -1 4
 -4 -1 4
 -4 -1 4
 -4 -2 4
 -4 -2 4
 -4 -2 4
 -4 -2 4
 -4 -2 4
 -4 -2 4
 -4 -2 4
 -3 -1 4
 -4 -1 4
 -4 -1 4
 -4 -1 4
 -4 -1 4
 -4 -1 4
 -4 -1 4
 -4 -2 4
 -4 -2 4
 -4 -1 4
 -4 -1 4
 -4 -1 4
 -4 -1 4
 -4 -2 4
 -4 -1 4
 -4 -1 4
 -4 -2 4
 -4 -2 4
 -3 -2 4
 -4 -1 4
 -4 -2 4
 -4 -1 4
 -4 -2 4
 -4 -2 4
 -4 -2 4
 -4 -2 4
 -4 -1 4
 -4 -2 4
 -4 -1 4
 -4 -1 4
 -4 -2 4
 -4 -1 4
 -4 -2 4
 -4 -1 4
 -4 -1 4
 -4 -1 4
 -4 -2 4
 -4 -2 4
 -4 -2 4
 -4 -2 4
 -4 -2 4
 -4 -1 4
 -4 -2 4
 -4 -2 4
 -4 -2 4
 -4 -2 4
 -4 -1 4
 -4 -1 4
 -4 -2 4
 -4 -2 4
 -4 -1 4
 -4 -1 4
 -4 -2 4
 -4 -2 4
 -4 -1 4
 -4 -1 4
 -4 -2 4
 -4 -1 4
 -4 -2 4
 -4 -1 4
 -4 -2 4
 -4 -1 4
 -4 -2 4
 -4 -2 4
 -4 -1 4
 -4 -2 4
 -4 -1 4
 -4 -1 4
 -4 -2 4
 -3 -2 3
 -4 -1 3
 -4 -1 4
 -4 -1 4
 -4 -2 4
 -4 -1 4
 -4 -2 4
 -4 -1 4
 -4 -2 4
 -4 -2 4
 -4 -2 4
 -4 -1 4
 -4 -1 4
 -4 -1 4
 -4 -1 4
 -4 -1 4
 -4 -1 4
 -4 -2 4
 -4 -1 4
 -4 -2 4
 -4 -1 4
 -4 -2 4
 -4 -2 4
 -4 -1 4
 -4 -2 3
 -4 -2 4
 -4 -2 4
 -4 -1 4
 -4 -2 4
 -4 -2 4
 -4 -2 4
 -4 -1 4
 -4 -2 3
 -4 -1 4
 -4 -1 4
 -3 -2 4
 -4 -1 4
 -4 -2 4
 -4 -2 4
 -4 -1 4
 -4 -1 3
 -4 -1 4
 -4 -2 4
 -4 -2 4
 -4 -1 4
 -3 -2 4
 -4 -1 4
 -4 -1 4
 -4 -2 4
 -4 -2 4
 -4 -1 4
 -4 -2 4
 -4 -2 4
 -4 -1 4
 -4 -1 4
 -4 -2 4
 -4 -2 4
 -4 -2 4
 -4 -2 4
 -4 -1 4
 -4 -2 4
 -4 -2 4
 -4 -1 4
 -4 -1 4
 -4 -2 4
 -4 -2 4
 -4 -1 4
 -4 -1 3
 -4 -1 4
 -4 -2 4
 -4 -2 4
 -4 -1 4
 -4 -2 4
 -4 -1 4
 -4 -1 4
 -3 -2 3
 -4 -2 4
 -4 -2 4
 -4 -1 4
 -4 -2 4
 -3 -2 4
 -4 -2 4
 -4 -1 4
 -4 -2 4
 -4 -1 4
 -4 -2 4
 -4 -1 4
 -4 -1 4
 -4 -1 4
 -4 -2 4
 -4 -1 4
 -4 -2 4
 -4 -2 4
 -4 -1 4
 -4 -1 4
 -4 -1 4
 -4 -2 4
 -4 -2 4
 -4 -1 4
 -4 -1 4
 -4 -1 4
 -4 -1 4
 -4 -1 4
 -4 -1 3
 -4 -1 4
 -3 -1 4
 -4 -2 4
 -4 -2 4
 -3 -1 4
 -4 -2 4
 -4 -2 3
 -4 -1 4
 -4 -1 4
 -4 -1 4
 -4 -2 4
 -4 -2 4
 -4 -1 3
 -4 -2 4
 -4 -2 4
 -4 -1 4
 -4 -1 4
 -4 -2 4
 -4 -1 4
 -4 -1 4
 -4 -1 4
 -4 -1 4
 -4 -1 4
 -4 -1 4
 -4 -1 4
 -4 -1 4
 -4 -1 4
 -4 -1 4
 -4 -1 4
