 504 -4 -2 4
 505 -4 -1 4
 506 -4 -2 3
 507 -4 -2 4
 508 -4 -2 4
 509 -4 -1 4
 510 -4 -2 4
 511 -4 -1 4
 512 -4 -1 4
 513 -4 -2 4
 514 -4 -2 4
 515 -4 -2 4
 516 -4 -2 4
 517 -4 -1 4
 518 -4 -1 4
 519 -4 -1 4
 520 -4 -2 4
 521 -4 -2 4
 522 -4 -2 4
 523 -4 -2 4
 524 -4 -2 4
 525 -4 -1 4
 526 -4 -1 3
 527 -4 -1 4
 528 -4 -1 4
 529 -4 -1 4
 530 -4 -2 4
 531 -4 -2 4
 532 -4 -1 4
 533 -4 -2 4
 534 -4 -1 4
 535 -3 -2 4
 536 -4 -1 4
 537 -4 -1 4
 538 -4 -1 4
 539 -4 -1 4
 540 -4 -2 4
 541 -4 -1 4
 542 -4 -1 4
 543 -4 -2 4
 544 -4 -2 4
 545 -4 -2 4
 546 -4 -2 4
 547 -4 -1 4
 548 -4 -2 4
 549 -4 -2 4
 550 -4 -2 4
 551 -4 -2 4
 552 -4 -2 4
 553 -4 -2 4
 554 -4 -2 4
 555 -4 -2 4
 556 -4 -2 4
 557 -4 -2 4
 558 -4 -2 4
 559 -4 -2 4
 560 -4 -2 4
 561 -4 -2 3
 562 -4 -2 4
 563 -4 -1 4
 564 -4 -1 4
 565 -4 -1 4
 566 -4 -2 4
 567 -4 -2 4
 568 -4 -2 4
 569 -4 -2 4
 570 -4 -2 4
 571 -4 -2 4
 572 -4 -1 4
 573 -4 -2 4
 574 -4 -2 4
 575 -4 -2 4
 576 -4 -2 4
 577 -4 -2 4
 578 -4 -1 4
 579 -4 -2 4
 580 -4 -1 4
 581 -4 -2 4
 582 -4 -2 4
 583 -4 -2 4
 584 -4 -1 4
 585 -4 -1 4
 586 -4 -2 4
 587 -4 -2 4
 588 -3 -1 4
 589 -4 -2 4
 590 -4 -2 4
 591 -4 -2 4
 592 -4 -2 3
 593 -4 -2 4
 594 -4 -1 4
 595 -4 -1 4
 596 -4 -2 4
 597 -4 -2 4
 598 -4 -2 4
 599 -4 -1 4
 600 -4 -2 4
 601 -4 -2 4
 602 -4 -1 4
 603 -4 -1 4
 604 -4 -2 4
 605 -4 -2 4
 606 -4 -2 4
 607 -4 -2 3
 608 -4 -2 4
 609 -4 -2 4
 610 -4 -1 4
 611 -4 -1 4
 612 -4 -1 4
 613 -4 -1 4
 614 -4 -1 3
 615 -4 -1 4
 616 -4 -2 4
 617 -3 -1 4
 618 -4 -1 4
 619 -4 -2 4
 620 -4 -1 4
 621 -4 -2 4
 622 -4 -2 4
 623 -4 -2 4
 624 -4 -1 4
 625 -4 -2 4
 626 -4 -2 4
 627 -4 -2 4
 628 -4 -2 4
 629 -4 -1 4
 630 -4 -2 4
 631 -4 -1 4
 632 -4 -1 4
 633 -4 -2 4
 634 -4 -2 4
 635 -4 -2 4
 636 -4 -2 4
 637 -5 -2 3
 638 -4 -2 4
 639 -4 -1 4
 640 -4 -2 4
 641 -4 -2 4
 642 -4 -2 4
 643 -4 -2 4
 644 -4 -2 4
 645 -4 -2 4
 646 -4 -2 4
 647 -4 -1 4
 648 -4 -1 3
 649 -4 -1 4
 650 -4 -1 4
 651 -4 -2 4
 652 -4 -2 4
 653 -4 -1 4
 654 -4 -1 4
 655 -4 -2 4
 656 -4 -1 4
 657 -4 -1 4
 658 -4 -2 4
 659 -4 -1 4
 660 -4 -1 4
 661 -4 -2 4
 662 -4 -1 4
 663 -4 -2 4
 664 -4 -2 4
 665 -4 -1 4
 666 -4 -1 4
 667 -4 -1 4
 668 -4 -2 4
 669 -4 -2 4
 670 -4 -1 4
 671 -4 -2 4
 672 -4 -1 4
 673 -4 -2 4
 674 -4 -2 4
 675 -4 -1 4
 676 -4 -1 4
 677 -4 -1 4
 678 -4 -1 4
 679 -4 -2 4
 680 -4 -1 4
 681 -4 -2 4
 682 -4 -2 4
 683 -4 -1 3
 684 -4 -2 4
 685 -4 -1 4
 686 -4 -2 4
 687 -4 -2 4
 688 -4 -2 4
 689 -4 -2 4
 690 -4 -1 4
 691 -4 -1 4
 692 -4 -1 4
 693 -4 -2 3
 694 -4 -2 4
 695 -4 -2 4
 696 -4 -1 4
 697 -4 -1 4
 698 -4 -1 4
 699 -4 -2 4
 700 -4 -1 4
 701 -4 -1 4
 702 -4 -2 4
 703 -4 -2 4
 704 -4 -1 4
 705 -4 -2 4
 706 -4 -2 4
 707 -4 -2 4
 708 -4 -2 4
 709 -4 -1 4
 710 -4 -1 4
 711 -4 -1 4
 712 -4 -2 4
 713 -4 -2 4
 714 -4 -2 4
 715 -4 -2 4
 716 -4 -2 4
 717 -4 -2 4
 718 -4 -2 4
 719 -4 -2 4
 720 -4 -2 4
 721 -4 -1 4
 722 -3 -1 4
 723 -4 -1 4
 724 -4 -1 3
 725 -4 -2 4
 726 -4 -2 4
 727 -4 -2 4
 728 -4 -1 4
 729 -4 -1 4
 730 -4 -1 4
 731 -4 -2 4
 732 -4 -2 4
 733 -4 -2 4
 734 -4 -1 4
 735 -4 -1 4
 736 -4 -2 4
 737 -4 -2 4
 738 -4 -2 4
 739 -4 -1 4
 740 -4 -1 4
 741 -4 -2 4
 742 -4 -2 4
 743 -4 -2 4
 744 -4 -1 4
 745 -4 -1 4
 746 -4 -2 4
 747 -4 -2 4
 748 -4 -2 4
 749 -4 -2 4
 750 -4 -2 4
 751 -4 -2 4
 752 -4 -2 4
 753 -3 -2 4
 754 -4 -1 4
 755 -4 -2 3
 756 -4 -2 4
 757 -4 -2 4
 758 -4 -2 4
 759 -4 -1 4
 760 -4 -1 4
 761 -4 -2 4
 762 -4 -2 4
 763 -4 -2 4
 764 -4 -1 4
 765 -4 -1 4
 766 -4 -1 4
 767 -4 -2 4
 768 -4 -2 4
 769 -4 -1 4
 770 -4 -2 4
 771 -4 -2 3
 772 -4 -2 4
 773 -4 -2 4
 774 -4 -2 4
 775 -5 -1 4
 776 -5 -1 4
 777 -4 -1 4
 778 -4 -1 3
 779 -4 -2 4
 780 -4 -2 4
 781 -4 -2 4
 782 -4 -2 4
 783 -4 -2 4
 784 -4 -2 4
 785 -4 -1 4
 786 -4 -2 4
 787 -4 -1 4
 788 -3 -2 3
 789 -4 -2 4
 790 -3 -2 4
 791 -4 -2 4
 792 -4 -2 4
 793 -3 -2 4
 794 -2 -2 4
 795 -4 -1 3
 796 -3 -2 4
 797 -4 -2 4
 798 -4 -1 4
 799 -4 -2 4
 800 -4 -2 4
 801 -4 -1 3
 802 -4 -2 4
 803 -4 -2 4
 804 -3 -1 4
 805 -4 -2 4
 806 -4 -2 4
 807 -4 -2 4
 808 -4 -2 4
 809 -4 -2 4
 810 -4 -2 4
 811 -3 -2 4
 812 -4 -2 4
 813 -4 -2 4
 814 -4 -2 4
 815 -4 -1 4
 816 -4 -2 4
 817 -4 -2 4
 818 -4 -2 4
 819 -4 -1 4
 820 -4 -2 4
 821 -4 -2 4
 822 -4 -2 4
 823 -4 -2 4
 824 -5 -1 3
 825 -4 -2 4
 826 -4 -1 4
 827 -4 -1 4
 828 -4 -2 4
 829 -4 -2 4
 830 -4 -2 4
 831 -4 -2 4
 832 -4 -2 4
 833 -4 -2 4
 834 -4 -1 4
 835 -4 -2 4
 836 -4 -2 4
 837 -4 -1 4
 838 -4 -2 4
 839 -4 -2 3
 840 -4 -1 4
 841 -4 -2 3
 842 -4 -2 4
 843 -4 -2 4
 844 -4 -2 4
 845 -4 -1 3
 846 -3 -2 4
 847 -4 -1 4
 848 -4 -1 4
 849 -4 -2 4
 850 -4 -2 4
 851 -4 -2 4
 852 -4 -2 4
 853 -4 -2 4
 854 -4 -2 4
 855 -4 -2 4
 856 -4 -1 4
 857 -4 -2 4
 858 -4 -1 4
 859 -4 -2 4
 860 -4 -1 4
 861 -4 -2 4
 862 -4 -2 4
 863 -4 -2 4
 864 -4 -2 4
 865 -4 -2 4
 866 -4 -2 4
 867 -4 -2 4
 868 -4 -2 4
 869 -4 -2 4
 870 -4 -1 4
 871 -4 -2 4
 872 -4 -2 4
 873 -4 -1 4
 874 -4 -1 4
 875 -4 -2 4
 876 -4 -2 4
 877 -4 -1 4
 878 -4 -2 4
 879 -4 -2 4
 880 -4 -2 4
 881 -4 -1 4
 882 -4 -2 4
 883 -4 -1 4
 884 -4 -2 4
 885 -4 -2 4
 886 -4 -2 4
 887 -4 -1 4
 888 -4 -1 4
 889 -4 -1 4
 890 -4 -2 4
 891 -3 -2 4
 892 -4 -1 4
 893 -4 -2 4
 894 -4 -2 4
 895 -4 -2 4
 896 -4 -2 4
 897 -4 -1 4
 898 -4 -2 4
 899 -4 -1 4
 900 -4 -2 4
 901 -4 -1 4
 902 -4 -2 4
 903 -4 -2 4
 904 -4 -1 4
 905 -4 -2 8
 906 -3 -1 5
 907 -4 -2 4
 908 -4 -1 9
 909 -4 -1 9
 910 38 6 20
 911 -9 23 -4
 912 -17 30 -12
 913 -10 34 2
 914 15 -6 9
 915 189 -30 40
 916 -52 -14 1
 917 -37 -24 15
 918 -44 -16 -1
 919 -36 4 0
 920 -24 21 -10
 921 -33 19 28
 922 -36 12 7
 923 -2 -4 49
 924 -6 -35 29
 925 21 -42 62
 926 14 -34 51
 927 31 -20 44
 928 -11 -10 76
 929 -39 -21 74
 930 6 -6 31
 931 21 1 30
 932 -9 12 46
 933 -1 17 42
 934 2 16 50
 935 20 -7 41
 936 17 7 40
 937 -7 3 23
 938 -30 -24 59
 939 -15 -29 25
 940 -22 -16 6
 941 -19 -25 -3
 942 -40 -5 3
 943 -25 -77 -12
 944 74 -40 -21
 945 12 -83 10
 946 -19 28 -14
 947 2 27 6
 948 -24 16 12
 949 -14 5 17
 950 1 5 18
 951 21 2 20
 952 2 7 16
 953 -7 -1 27
 954 -27 -11 37
 955 -13 -11 28
 956 -6 2 18
 957 0 8 10
 958 -18 -7 16
 959 -8 -13 25
 960 14 2 24
 961 28 13 35
 962 26 11 45
 963 25 26 46
 964 28 24 44
 965 29 17 38
 966 29 24 43
 967 7 11 38
 968 10 21 32
 969 -1 -1 9
 970 43 -25 6
 971 -3 -14 5
 972 27 -17 21
 973 7 -5 20
 974 0 -14 25
 975 0 -16 38
 976 -41 1 17
 977 -29 11 28
 978 -21 -8 23
 979 -12 2 33
 980 -19 -1 23
 981 -13 18 18
 982 0 5 39
 983 -9 2 46
 984 -16 3 40
 985 -1 7 37
 986 6 7 30
 987 5 12 27
 988 -6 1 30
 989 -28 8 -21
 990 -27 21 -2
 991 -72 -12 -47
 992 -61 -18 -36
 993 -58 -11 -36
 994 60 43 -46
 995 26 -1 7
 996 -13 -6 11
 997 -37 -9 1
 998 90 29 -18
 999 -17 -8 -4
 1000 -74 -17 -16
 1001 -62 -13 4
 1002 -26 10 -3
 1003 20 3 -5
 1004 139 1 -1
 1005 90 -5 10
 1006 -146 -27 -34
 1007 -149 -7 -18
 1008 3 11 18
 1009 158 6 23
 1010 -7 0 0
 1011 -141 -10 -29
 1012 -5 2 19
 1013 155 14 33
 1014 -43 -8 -14
 1015 -172 -8 -38
 1016 37 0 22
 1017 76 -6 26
 1018 -20 -14 -2
 1019 -20 -4 1
 1020 81 9 28
 1021 38 -8 21
 1022 -108 -19 -28
 1023 39 8 23
 1024 51 5 23
 1025 -8 -13 0
 1026 -74 -5 -22
 1027 -54 0 -3
 1028 35 1 15
 1029 83 -6 19
 1030 -58 -22 -10
 1031 -76 2 -17
 1032 -73 -4 10
 1033 88 9 40
 1034 150 14 52
 1035 193 35 57
 1036 44 28 30
 1037 -42 -18 -8
 1038 -142 -48 -21
 1039 -200 -50 -29
 1040 -99 -24 12
 1041 -86 7 13
 1042 -71 -2 27
 1043 -8 -38 18
 1044 56 -85 -10
 1045 80 -99 -1
 1046 60 -64 3
 1047 133 -1 9
 1048 144 61 4
 1049 143 119 23
 1050 74 164 22
 1051 -40 152 6
 1052 -112 96 -2
 1053 -158 -16 -7
 1054 -181 -69 -12
 1055 -86 -115 18
 1056 -21 -129 15
 1057 26 -88 4
 1058 116 -67 6
 1059 191 -23 2
 1060 195 60 15
 1061 71 121 0
 1062 24 129 16
 1063 -35 142 3
 1064 -133 94 -10
 1065 -287 -54 -38
 1066 -163 -117 -11
 1067 -76 -134 4
 1068 20 -95 2
 1069 107 -82 12
 1070 165 -67 7
 1071 127 -20 6
 1072 152 29 19
 1073 98 86 18
 1074 53 138 12
 1075 41 164 -1
 1076 -34 114 -11
 1077 -94 59 -10
 1078 -327 -59 -54
 1079 -205 -73 -30
 1080 -99 -104 -4
 1081 -32 -133 2
 1082 29 -149 2
 1083 105 -124 -4
 1084 143 -78 3
 1085 239 33 17
 1086 138 100 16
 1087 79 134 16
 1088 63 139 7
 1089 -19 126 -3
 1090 -169 100 -38
 1091 -254 -6 -45
 1092 -223 -56 -27
 1093 -136 -92 -10
 1094 -30 -130 1
 1095 35 -153 7
 1096 94 -112 23
 1097 161 -63 16
 1098 244 23 18
 1099 191 98 26
 1100 105 125 9
 1101 44 126 3
 1102 -31 110 -16
 1103 -108 85 -20
 1104 -274 37 -48
 1105 -258 -39 -37
 1106 -109 -101 -2
 1107 -42 -139 14
 1108 -2 -165 8
 1109 61 -148 0
 1110 145 -51 5
 1111 168 28 37
 1112 136 79 32
 1113 99 101 29
 1114 8 55 17
 1115 -23 37 15
 1116 4 0 18
 1117 -14 -10 28
 1118 5 0 72
 1119 -9 -10 138
 1120 17 0 164
 1121 -1 28 103
 1122 -30 7 -34
 1123 -20 -12 -136
 1124 1 -21 -200
 1125 -17 -49 -205
 1126 -58 1 -180
 1127 -41 19 -136
 1128 -10 -9 41
 1129 -10 -12 139
 1130 -4 1 120
 1131 -10 8 107
 1132 -9 2 86
 1133 -34 0 8
 1134 -27 5 -61
 1135 31 -12 -137
 1136 38 7 -169
 1137 -19 -23 -27
 1138 -35 -11 38
 1139 -13 5 46
 1140 -5 19 38
 1141 -48 22 7
 1142 -5 -3 -14
 1143 9 -76 -13
 1144 23 -118 -2
 1145 20 -154 6
 1146 21 -70 18
 1147 6 -9 7
 1148 -19 55 9
 1149 -12 123 3
 1150 -13 133 20
 1151 -43 113 15
 1152 -20 -46 12
 1153 -3 -129 20
 1154 0 -127 12
 1155 21 -67 2
 1156 1 27 3
 1157 1 107 10
 1158 -7 170 1
 1159 -32 149 9
 1160 -8 -3 20
 1161 -8 -110 22
 1162 4 -146 19
 1163 -2 -73 10
 1164 -12 33 -4
 1165 -14 67 -9
 1166 -1 42 -20
 1167 13 -6 -3
 1168 81 -10 -1
 1169 -34 -2 0
 1170 -46 -2 4
 1171 -24 -3 4
 1172 -13 6 5
 1173 -21 -8 8
 1174 -34 -7 16
 1175 -52 -5 37
 1176 -57 -22 50
 1177 -29 -47 63
 1178 -2 -37 69
 1179 -17 -22 16
 1180 -7 24 -51
 1181 22 34 -71
 1182 -2 24 -64
 1183 -19 12 -53
 1184 -15 16 39
 1185 -38 -2 78
 1186 -19 -2 82
 1187 34 36 141
 1188 27 -25 19
 1189 3 -12 -23
 1190 -21 -3 -87
 1191 -11 21 -70
 1192 1 -15 -35
 1193 -10 10 44
 1194 -25 -2 13
 1195 -35 37 151
 1196 49 -29 45
 1197 18 11 -20
 1198 56 6 -78
 1199 -9 5 -76
 1200 -52 -16 -49
 1201 -12 0 37
 1202 -32 -24 43
 1203 -4 13 179
 1204 50 -60 38
 1205 -11 -44 -46
 1206 -28 -9 -97
 1207 -12 5 -95
 1208 -48 -6 -55
 1209 -32 10 31
 1210 -30 -3 48
 1211 -25 16 149
 1212 29 -72 -13
 1213 -41 14 12
 1214 -50 7 -33
 1215 -12 -33 -94
 1216 -46 -7 -89
 1217 -12 -9 -40
 1218 -11 2 47
 1219 -4 -21 55
 1220 -41 7 148
 1221 -37 -37 35
 1222 -14 -34 -4
 1223 -43 -8 8
 1224 -65 -1 12
 1225 -99 -12 -12
 1226 -100 -5 -8
 1227 -2 0 3
 1228 223 8 8
 1229 249 25 22
 1230 135 6 -3
 1231 9 0 0
 1232 83 -4 -3
 1233 129 7 0
 1234 94 1 -3
 1235 -16 1 4
 1236 -77 -14 2
 1237 -581 -59 -14
 1238 -112 -7 12
 1239 -99 -9 4
 1240 -30 1 7
 1241 -133 -16 7
 1242 -236 7 -8
 1243 -17 3 9
 1244 274 27 16
 1245 429 35 18
 1246 273 6 1
 1247 93 13 12
 1248 -61 -9 3
 1249 -87 -21 -7
 1250 -73 -9 -1
 1251 -14 -16 -3
 1252 27 -31 -8
 1253 26 -61 -4
 1254 -50 -51 -2
 1255 -31 -20 11
 1256 -36 -12 8
 1257 -25 -15 4
 1258 -5 7 25
 1259 -52 13 49
 1260 31 31 78
 1261 108 87 69
 1262 124 -7 26
 1263 -25 -15 -11
 1264 -91 -7 -17
 1265 -50 -15 -45
 1266 -36 -33 -49
 1267 -17 1 22
 1268 -30 -41 40
 1269 6 -19 49
 1270 2 -41 23
 1271 -36 -38 3
 1272 -31 -25 -1
 1273 -80 -1 -35
 1274 38 9 -53
 1275 69 72 -41
 1276 16 18 -2
 1277 49 55 31
 1278 72 150 40
 1279 35 122 14
 1280 2 0 68
 1281 -27 -27 15
 1282 -64 5 69
 1283 -94 -103 -3
 1284 -91 -72 -14
 1285 -66 -58 -47
 1286 -28 -41 -47
 1287 5 -15 -71
 1288 -59 24 -43
 1289 -111 -5 0
 1290 -127 -5 29
 1291 -106 -10 15
 1292 -116 -2 45
 1293 -84 -22 -3
 1294 104 5 13
 1295 398 21 31
 1296 273 -7 3
 1297 198 22 11
 1298 255 9 12
 1299 138 7 1
 1300 135 13 19
 1301 25 -11 6
 1302 -28 -1 6
 1303 -548 -57 -13
 1304 -173 -13 19
 1305 -178 -15 -18
 1306 -137 -4 -8
 1307 -149 3 1
 1308 -137 22 16
 1309 -188 23 20
 1310 -35 -1 6
 1311 129 7 16
 1312 584 44 44
 1313 499 46 27
 1314 260 10 27
 1315 40 -11 3
 1316 153 13 19
 1317 162 4 7
 1318 167 -7 5
 1319 68 1 4
 1320 -69 -9 0
 1321 -407 -40 -10
 1322 -547 -72 -21
 1323 -284 -6 -26
 1324 -161 -16 -17
 1325 -142 0 -7
 1326 -61 -3 10
 1327 -6 13 2
 1328 420 42 35
 1329 491 59 52
 1330 276 -14 21
 1331 -108 2 8
 1332 -256 -7 -7
 1333 -203 -12 -18
 1334 -210 17 -11
 1335 -100 52 -10
 1336 -16 -40 -30
 1337 2 -41 -36
 1338 15 -57 -34
 1339 28 -29 -45
 1340 -18 78 -38
 1341 -166 129 -73
 1342 -73 118 -42
 1343 1 206 -34
 1344 122 165 -5
 1345 175 187 -4
 1346 213 97 4
 1347 281 102 35
 1348 122 -47 59
 1349 0 -108 101
 1350 -55 -219 186
 1351 -111 -180 187
 1352 -90 -163 176
 1353 -122 -172 130
 1354 -107 -54 59
 1355 -164 -80 -5
 1356 -179 -90 -26
 1357 -383 -65 -77
 1358 -262 -71 -76
 1359 -258 64 -41
 1360 -108 145 -37
 1361 -47 182 -25
 1362 50 189 -8
 1363 96 127 -17
 1364 152 76 19
 1365 246 75 70
 1366 265 -10 75
 1367 241 -41 69
 1368 126 -44 76
 1369 6 -175 70
 1370 -96 -161 48
 1371 -173 -145 20
 1372 -221 -67 7
 1373 -133 -63 16
 1374 -297 -31 -10
 1375 -225 24 -6
 1376 -111 70 32
 1377 -10 81 37
 1378 129 89 38
 1379 141 121 37
 1380 184 61 17
 1381 135 -15 -2
 1382 -44 -85 21
 1383 -164 -139 11
 1384 -56 -143 19
 1385 32 -108 27
 1386 -5 -26 -8
 1387 2 -34 -12
 1388 -59 -15 0
 1389 -127 -18 -7
 1390 -64 2 12
 1391 -22 1 13
 1392 66 28 14
 1393 156 8 -5
 1394 387 46 -6
 1395 398 49 -26
 1396 20 17 7
 1397 -170 -2 4
 1398 -611 -20 18
 1399 -224 26 -3
 1400 -80 10 -21
 1401 125 19 4
 1402 594 48 49
 1403 375 37 27
 1404 16 -8 14
 1405 -443 -43 -24
 1406 -220 -28 -10
 1407 2 10 4
 1408 38 -2 -12
 1409 81 12 -19
 1410 31 21 -106
 1411 -5 41 -171
 1412 -9 93 -164
 1413 -165 191 -51
 1414 -55 168 -36
 1415 2 123 -30
 1416 86 98 -6
 1417 27 57 -23
 1418 10 27 -11
 1419 -10 -114 -3
 1420 -48 -149 30
 1421 7 -61 11
 1422 -19 26 44
 1423 12 20 -19
 1424 80 -33 65
 1425 39 -6 24
 1426 -60 41 10
 1427 -184 31 -24
 1428 -116 68 -13
 1429 201 91 22
 1430 122 27 49
 1431 101 79 78
 1432 30 122 10
 1433 54 109 12
 1434 189 10 -8
 1435 96 -8 30
 1436 34 -16 -18
 1437 74 -18 -55
 1438 97 -57 -52
 1439 52 -44 -54
 1440 25 -44 -48
 1441 38 -34 -5
 1442 -41 -5 -5
 1443 -36 40 -14
 1444 63 -133 -9
 1445 -28 -11 30
 1446 -124 -51 -25
 1447 -21 -31 20
 1448 -30 -18 34
 1449 -35 -12 19
 1450 -15 -10 11
 1451 -275 15 30
 1452 -9 -1 53
 1453 -15 3 141
 1454 -17 -8 172
 1455 -20 -29 210
 1456 -4 -16 13
 1457 -7 -6 49
 1458 -6 -3 46
 1459 -3 -3 -8
 1460 -1 -4 -57
 1461 2 -7 -117
 1462 3 -15 -125
 1463 -5 -20 37
 1464 170 -62 -53
 1465 -73 -22 -121
 1466 -22 -14 -96
 1467 -5 -13 -37
 1468 -21 -5 -13
 1469 -18 -1 2
 1470 -8 -2 2
 1471 -2 -3 4
 1472 -6 -3 3
 1473 -14 -1 2
 1474 -5 -2 0
 1475 -5 -2 0
 1476 -7 -1 3
 1477 -5 -2 0
 1478 -4 -2 1
 1479 -4 -2 1
 1480 -4 -2 2
 1481 -5 3 4
 1482 -5 2 3
 1483 -3 0 2
 1484 -4 -3 1
 1485 -4 -5 1
 1486 -4 -5 4
 1487 -4 -3 2
 1488 -4 -2 3
 1489 -4 -1 2
 1490 -4 0 3
 1491 -4 0 3
 1492 -4 -1 3
 1493 -4 -2 3
 1494 -4 -3 3
 1495 -4 -3 2
 1496 -4 -2 3
 1497 -4 -1 3
 1498 -4 -1 3
 1499 -4 -1 3
 1500 -4 -1 4
 1501 -4 -3 3
 1502 -4 -2 3
 1503 -4 -2 3
 1504 -4 -2 3
 1505 -4 -2 3
 1506 -4 -2 2
 1507 -4 -1 3
 1508 -4 -2 3
 1509 -4 -2 3
 1510 -4 -2 3
 1511 -4 -2 1
 1512 -4 -2 3
 1513 -4 -2 4
 1514 -4 -2 3
 1515 -4 -2 2
 1516 -4 -2 3
 1517 -4 -2 3
 1518 -4 -2 1
 1519 -4 -1 2
 1520 -4 -2 3
 1521 -4 -2 3
 1522 -4 -2 3
 1523 -4 -2 3
 1524 -4 -2 4
 1525 -4 -2 3
 1526 -4 -2 3
 1527 -4 -3 0
 1528 -4 -2 2
 1529 -4 -1 3
 1530 -4 -1 3
 1531 -4 -2 3
 1532 -4 -2 3
 1533 -4 -2 3
 1534 -4 -2 4
 1535 -4 -2 3
 1536 -4 -1 3
 1537 -4 -2 3
 1538 -4 -2 3
 1539 -4 -2 3
 1540 -4 -2 4
 1541 -4 -2 3
 1542 -4 -2 3
 1543 -4 -1 3
 1544 -4 -1 3
 1545 -4 -2 4
 1546 -4 -2 3
 1547 -4 -2 3
 1548 -4 -2 3
 1549 -4 -2 3
 1550 -4 -2 3
 1551 -4 -2 3
 1552 -4 -1 3
 1553 -4 -1 3
 1554 -4 -2 3
 1555 -4 -2 3
 1556 -4 -2 3
 1557 -4 -2 2
 1558 -4 -2 3
 1559 -4 -2 3
 1560 -4 -2 4
 1561 -4 -1 4
 1562 -4 -2 3
 1563 -4 -2 4
 1564 -4 -2 4
 1565 -4 -2 4
 1566 -4 -2 4
 1567 -4 -2 4
 1568 -4 -2 4
 1569 -4 -1 4
 1570 -4 -2 4
 1571 -4 -2 4
 1572 -4 -2 3
 1573 -4 -2 4
 1574 -4 -2 4
 1575 -4 -2 3
 1576 -4 -2 4
 1577 -4 -1 3
 1578 -4 -3 3
 1579 -4 -2 3
 1580 -4 -2 3
 1581 -4 -2 4
 1582 -4 -2 4
 1583 -4 -2 4
 1584 -4 -2 4
 1585 -4 -2 4
 1586 -4 -2 4
 1587 -4 -2 4
 1588 -4 -2 4
 1589 -4 -1 4
 1590 -4 -2 4
 1591 -4 -2 4
 1592 -4 -2 4
 1593 -4 -1 4
 1594 -4 -1 4
 1595 -4 -2 4
 1596 -4 -2 4
 1597 -4 -2 4
 1598 -4 -2 4
 1599 -4 -3 4
 1600 -4 -2 4
 1601 -4 -2 4
 1602 -4 -2 4
 1603 -5 -2 4
 1604 -4 -2 3
 1605 -4 -1 4
 1606 -4 -2 4
 1607 -4 -2 4
 1608 -4 -2 4
 1609 -4 -2 4
 1610 -4 -3 3
 1611 -4 -2 4
 1612 -4 -2 3
 1613 -4 -2 4
 1614 -4 -2 4
 1615 -4 -2 4
 1616 -4 -1 4
 1617 -4 -2 4
 1618 -4 -2 4
 1619 -4 -2 3
 1620 -4 -2 4
 1621 -4 -2 4
 1622 -4 -1 4
 1623 -4 -1 4
 1624 -4 -2 4
 1625 -4 -1 4
 1626 -4 -2 4
 1627 -4 -1 4
 1628 -4 -2 4
 1629 -4 -2 4
 1630 -4 -2 4
 1631 -4 -2 4
 1632 -4 -2 4
 1633 -4 -2 4
 1634 -4 -2 4
 1635 -4 -2 3
 1636 -4 -2 4
 1637 -4 -2 4
 1638 -4 -2 4
 1639 -4 -2 4
 1640 -4 -2 3
 1641 -4 -2 4
 1642 -4 -2 4
 1643 -4 -2 4
 1644 -4 -2 4
 1645 -4 -2 3
 1646 -4 -2 4
 1647 -4 -2 4
 1648 -4 -2 4
 1649 -4 -2 4
 1650 -4 -2 4
 1651 -4 -2 4
 1652 -4 -2 4
 1653 -4 -1 4
 1654 -4 -2 4
 1655 -4 -1 4
 1656 -4 -2 4
 1657 -4 -2 4
 1658 -4 -2 4
 1659 -4 -2 4
 1660 -4 -1 4
 1661 -4 -2 4
 1662 -4 -2 4
 1663 -4 -1 4
 1664 -4 -2 4
 1665 -4 -1 4
 1666 -4 -1 4
 1667 -4 -1 4
 1668 -4 -2 4
 1669 -4 -2 4
 1670 -4 -2 4
 1671 -4 -2 4
 1672 -4 -2 4
 1673 -4 -2 4
 1674 -4 -2 4
 1675 -4 -2 4
 1676 -4 -1 4
 1677 -4 -2 4
 1678 -4 -2 4
 1679 -4 -2 4
 1680 -4 -2 4
 1681 -4 -2 4
 1682 -4 -2 4
 1683 -4 -2 4
 1684 -4 -2 4
 1685 -4 -2 4
 1686 -4 -2 4
 1687 -4 -2 4
 1688 -4 -2 4
 1689 -4 -2 4
 1690 -4 -2 4
 1691 -4 -2 4
 1692 -4 -2 4
 1693 -4 -1 4
 1694 -4 -2 4
 1695 -4 -1 4
 1696 -4 -2 4
 1697 -4 -1 4
 1698 -4 -2 4
 1699 -4 -2 4
 1700 -4 -2 4
 1701 -4 -2 4
 1702 -4 -2 4
 1703 -4 -2 4
 1704 -4 -2 4
 1705 -4 -2 4
 1706 -4 -2 4
 1707 -4 -2 4
 1708 -4 -2 4
 1709 -4 -2 4
 1710 -4 -2 4
 1711 -4 -2 4
 1712 -4 -2 4
 1713 -4 -2 4
 1714 -4 -2 4
 1715 -4 -1 4
 1716 -4 -2 4
 1717 -4 -2 4
 1718 -4 -1 4
 1719 -4 -2 4
 1720 -4 -2 4
 1721 -4 -2 4
 1722 -4 -2 4
 1723 -4 -2 4
 1724 -4 -2 4
 1725 -4 -2 4
 1726 -4 -1 4
 1727 -4 -1 4
 1728 -4 -2 4
 1729 -4 -2 4
 1730 -4 -2 4
 1731 -4 -2 4
 1732 -4 -2 4
 1733 -4 -2 4
 1734 -4 -2 4
 1735 -4 -2 4
 1736 -4 -2 4
 1737 -4 -2 4
 1738 -4 -2 4
 1739 -4 -2 4
 1740 -4 -2 4
 1741 -4 -2 4
 1742 -4 -2 4
 1743 -4 -2 4
 1744 -4 -2 4
 1745 -4 -1 4
 1746 -4 -2 4
 1747 -4 -2 4
 1748 -5 -2 4
 1749 -4 -2 4
 1750 -4 -1 4
 1751 -4 -1 4
 1752 -4 -2 4
 1753 -4 -2 4
 1754 -4 -2 4
 1755 -4 -2 4
 1756 -4 -2 4
 1757 -4 -2 4
 1758 -4 -2 4
 1759 -4 -2 4
 1760 -4 -2 3
 1761 -4 -2 4
 1762 -4 -2 4
 1763 -4 -2 4
 1764 -4 -2 4
 1765 -4 -2 4
 1766 -4 -2 4
 1767 -4 -2 4
 1768 -4 -2 4
 1769 -5 -2 4
 1770 -4 -2 4
 1771 -4 -1 4
 1772 -4 -2 3
 1773 -4 -2 4
 1774 -4 -2 4
 1775 -4 -1 4
 1776 -4 -2 4
 1777 -4 -2 4
 1778 -4 -2 4
 1779 -4 -2 4
 1780 -4 -2 4
 1781 -4 -1 4
 1782 -4 -1 4
 1783 -4 -2 4
 1784 -4 -2 4
 1785 -4 -2 4
 1786 -4 -2 4
 1787 -4 -2 4
 1788 -4 -2 4
 1789 -5 -2 4
 1790 -4 -2 4
 1791 -4 -2 4
 1792 -4 -2 4
 1793 -4 -2 4
 1794 -4 -2 4
 1795 -4 -1 4
 1796 -4 -2 4
 1797 -4 -2 4
 1798 -4 -2 4
 1799 -4 -2 4
 1800 -4 -1 4
 1801 -4 -2 4
 1802 -5 -1 4
 1803 -4 -2 4
 1804 -4 -1 4
 1805 -4 -2 4
 1806 -4 -1 4
 1807 -4 -2 4
 1808 -4 -1 4
 1809 -4 -1 4
 1810 -4 -1 4
 1811 -4 -2 4
 1812 -4 -2 4
 1813 -4 -2 4
 1814 -4 -2 4
 1815 -4 -1 4
 1816 -4 -2 4
 1817 -4 -2 4
 1818 -4 -1 4
 1819 -4 -1 4
 1820 -4 -2 4
 1821 -4 -2 4
 1822 -4 -2 4
 1823 -4 -2 4
 1824 -4 -2 4
 1825 -4 -1 4
 1826 -4 -1 4
 1827 -4 -2 4
 1828 -4 -2 3
 1829 -4 -2 4
 1830 -4 -1 4
 1831 -4 -2 4
 1832 -4 -2 4
 1833 -4 -2 4
 1834 -4 -1 4
 1835 -4 -1 4
 1836 -4 -2 4
 1837 -4 -1 4
 1838 -4 -2 4
 1839 -4 -2 4
 1840 -4 -1 4
 1841 -4 -2 4
 1842 -4 -2 4
 1843 -4 -2 4
 1844 -4 -1 4
 1845 -4 -2 4
 1846 -4 -2 3
 1847 -4 -1 4
 1848 -4 -2 4
 1849 -4 -2 4
 1850 -4 -2 4
 1851 -4 -1 4
 1852 -4 -1 4
 1853 -4 -2 4
 1854 -4 -2 4
 1855 -4 -2 4
 1856 -4 -2 4
 1857 -4 -2 4
 1858 -4 -2 4
 1859 -4 -2 4
 1860 -4 -1 4
 1861 -4 -2 4
 1862 -4 -1 4
 1863 -4 -2 4
 1864 -4 -2 3
 1865 -4 -1 4
 1866 -4 -1 4
 1867 -4 -2 4
 1868 -4 -2 4
 1869 -4 -2 4
 1870 -4 -1 4
 1871 -4 -1 4
 1872 -4 -2 4
 1873 -4 -2 4
 1874 -4 -2 4
 1875 -4 -2 4
 1876 -4 -1 4
 1877 -5 -1 4
 1878 -4 -1 4
 1879 -4 -1 4
 1880 -4 -1 4
 1881 -4 -1 4
 1882 -4 -2 4
 1883 -4 -2 4
 1884 -4 -2 4
 1885 -4 -2 4
 1886 -4 -1 4
 1887 -4 -2 4
 1888 -5 -1 4
 1889 -4 -1 4
 1890 -4 -2 4
 1891 -4 -2 4
 1892 -4 -2 4
 1893 -4 -2 4
 1894 -4 -2 4
 1895 -4 -2 4
 1896 -4 -2 4
 1897 -4 -2 4
 1898 -4 -2 4
 1899 -4 -2 4
 1900 -4 -2 4
 1901 -4 -2 4
 1902 -4 -1 4
 1903 -4 -2 4
 1904 -4 -2 4
 1905 -4 -2 4
 1906 -4 -2 4
 1907 -4 -1 4
 1908 -4 -2 4
 1909 -4 -2 4
 1910 -4 -2 4
 1911 -4 -2 4
 1912 -4 -2 4
 1913 -4 -2 4
 1914 -4 -2 4
 1915 -4 -2 4
 1916 -4 -2 4
 1917 -4 -2 4
 1918 -4 -2 4
 1919 -4 -2 4
 1920 -4 -2 4
 1921 -4 -2 4
 1922 -4 -2 4
 1923 -4 -2 4
 1924 -3 -1 4
 1925 -4 -1 4
 1926 -4 -2 4
 1927 -4 -2 4
 1928 -4 -2 4
 1929 -4 -1 4
 1930 -4 -2 4
 1931 -4 -1 4
 1932 -4 -1 4
 1933 -4 -1 4
 1934 -4 -1 4
 1935 -4 -2 4
 1936 -4 -2 4
 1937 -4 -2 4
 1938 -4 -2 4
 1939 -5 -2 4
 1940 -4 -2 4
 1941 -4 -1 4
 1942 -4 -2 4
 1943 -4 -2 4
 1944 -4 -2 4
 1945 -5 -1 4
 1946 -4 -2 4
 1947 -4 -1 4
 1948 -4 -2 4
 1949 -4 -2 4
 1950 -4 -2 4
 1951 -4 -1 4
 1952 -4 -2 4
 1953 -4 -1 4
 1954 -4 -2 4
 1955 -4 -2 4
 1956 -4 -2 4
 1957 -4 -2 4
 1958 -4 -1 4
 1959 -4 -1 4
 1960 -4 -1 4
 1961 -4 -2 4
 1962 -4 -2 4
 1963 -4 -2 4
 1964 -4 -1 4
 1965 -4 -1 4
 1966 -4 -1 4
 1967 -4 -1 4
 1968 -5 -2 4
 1969 -5 -2 4
 1970 -4 -2 4
 1971 -4 -1 4
 1972 -4 -2 4
 1973 -4 -2 4
 1974 -4 -2 4
 1975 -4 -2 4
 1976 -4 -2 4
 1977 -4 -2 4
 1978 -4 -2 4
 1979 -4 -1 4
 1980 -4 -2 4
 1981 -4 -2 4
 1982 -4 -2 4
 1983 -4 -2 4
 1984 -4 -2 4
 1985 -4 -2 4
 1986 -4 -2 4
 1987 -4 -2 4
 1988 -4 -1 4
 1989 -4 -2 4
 1990 -4 -1 4
 1991 -4 -1 4
 1992 -4 -2 4
 1993 -4 -2 4
 1994 -4 -2 4
 1995 -4 -2 4
 1996 -5 -2 4
 1997 -4 -2 4
 1998 -4 -1 4
 1999 -4 -2 4
 2000 -5 -2 4
 2001 -4 -2 4
 2002 -4 -2 4
 2003 -4 -2 4
 2004 -4 -2 4
 2005 -4 -1 4
 2006 -4 -2 4
 2007 -4 -1 4
 2008 -4 -2 4
 2009 -4 -2 4
 2010 -4 -2 4
 2011 -4 -1 4
 2012 -4 -2 4
 2013 -4 -2 4
 2014 -4 -2 4
 2015 -4 -1 4
 2016 -4 -2 4
 2017 -4 -1 4
 2018 -4 -2 4
 2019 -4 -2 4
 2020 -4 -1 4
 2021 -4 -2 4
 2022 -4 -2 4
 2023 -4 -2 3
 2024 -4 -2 4
 2025 -4 -1 4
 2026 -4 -2 4
 2027 -4 -2 4
 2028 -4 -2 4
 2029 -4 -2 4
 2030 -4 -1 4
 2031 -4 -2 4
 2032 -4 -2 4
 2033 -4 -2 4
 2034 -4 -2 4
 2035 -4 -2 4
 2036 -4 -2 4
 2037 -4 -2 4
 2038 -4 -2 4
 2039 -4 -2 4
 2040 -4 -1 4
 2041 -4 -1 4
 2042 -4 -2 4
 2043 -4 -2 4
 2044 -4 -2 4
 2045 -5 -2 4
 2046 -4 -2 4
 2047 -4 -1 4
 2048 -4 -2 4
 2049 -4 -2 4
 2050 -4 -1 4
 2051 -4 -2 4
 2052 -4 -2 4
 2053 -4 -2 4
 2054 -4 -2 4
 2055 -4 -2 4
 2056 -4 -2 4
 2057 -4 -2 4
 2058 -4 -1 4
 2059 -4 -1 4
 2060 -4 -2 4
 2061 -4 -2 5
 2062 -4 -1 4
 2063 -4 -2 4
 2064 -4 -1 4
 2065 -4 -2 4
 2066 -4 -1 4
 2067 -4 -2 4
 2068 -4 -1 4
 2069 -4 -2 4
 2070 -4 -1 4
 2071 -4 -1 4
 2072 -4 -1 4
 2073 -4 -2 4
 2074 -4 -1 4
 2075 -4 -2 4
 2076 -4 -1 4
 2077 -4 -2 4
 2078 -4 -2 4
 2079 -4 -2 4
 2080 -4 -2 4
 2081 -4 -2 4
 2082 -4 -1 4
 2083 -4 -2 4
 2084 -4 -2 4
 2085 -4 -2 4
 2086 -5 -2 4
 2087 -4 -2 4
 2088 -4 -2 4
 2089 -4 -2 4
 2090 -4 -1 4
 2091 -4 -2 4
 2092 -4 -2 4
 2093 -4 -1 4
 2094 -4 -2 4
 2095 -4 -2 4
 2096 -4 -2 4
 2097 -4 -2 4
 2098 -4 -2 4
 2099 -4 -2 4
 2100 -4 -2 4
 2101 -4 -1 4
 2102 -4 -2 4
 2103 -4 -2 4
 2104 -4 -2 4
 2105 -4 -1 4
 2106 -4 -2 4
 2107 -4 -2 4
 2108 -4 -2 4
 2109 -4 -1 4
 2110 -4 -2 4
 2111 -4 -2 4
 2112 -4 -1 4
 2113 -4 -1 4
 2114 -4 -1 4
 2115 -4 -2 4
 2116 -4 -2 4
 2117 -4 -2 4
 2118 -4 -2 4
 2119 -4 -1 4
 2120 -4 -2 4
 2121 -4 -1 4
 2122 -5 -2 4
 2123 -4 -2 4
 2124 -4 -2 4
 2125 -4 -2 4
 2126 -4 -1 4
 2127 -4 -2 4
 2128 -4 -2 4
 2129 -4 -2 4
 2130 -4 -1 4
 2131 -4 -1 4
 2132 -4 -1 4
 2133 -4 -1 4
 2134 -4 -1 4
 2135 -4 -2 4
 2136 -4 -2 4
 2137 -5 -2 4
 2138 -4 -2 4
 2139 -4 -1 4
 2140 -4 -1 4
 2141 -4 -2 4
 2142 -4 -2 4
 2143 -4 -2 4
 2144 -4 -2 4
 2145 -5 -2 4
 2146 -4 -2 4
 2147 -4 -2 4
 2148 -4 0 3
 2149 -4 -1 4
 2150 -4 -2 4
 2151 -4 -2 4
 2152 -4 -2 4
 2153 -4 -2 4
 2154 -4 -2 4
 2155 -4 -2 4
 2156 -4 -2 4
 2157 -5 -1 3
 2158 -5 -1 4
 2159 -4 -1 4
 2160 -4 -2 4
 2161 -4 -2 4
 2162 -4 -2 4
 2163 -4 -1 4
 2164 -4 -2 4
 2165 -4 -2 4
 2166 -4 -3 4
 2167 -4 -2 4
 2168 -4 -1 4
 2169 -4 -2 3
 2170 -4 -2 4
 2171 -4 -2 4
 2172 -4 -2 4
 2173 -4 -2 4
 2174 -4 -2 4
 2175 -4 -1 4
 2176 -5 -1 4
 2177 -4 -2 4
 2178 -4 -2 4
 2179 -4 -2 4
 2180 -4 -2 4
 2181 -4 -2 4
 2182 -4 -1 4
 2183 -4 -1 4
 2184 -4 -1 4
 2185 -4 -2 4
 2186 -4 -2 4
 2187 -4 -2 4
 2188 -4 -1 4
 2189 -4 -1 4
 2190 -4 -2 4
 2191 -4 -2 4
 2192 -4 -1 4
 2193 -4 -1 4
 2194 -4 -1 4
 2195 -5 -2 4
 2196 -4 -2 4
 2197 -4 -1 4
 2198 -4 -1 4
 2199 -4 -1 4
 2200 -4 -2 4
 2201 -4 -2 4
 2202 -4 -1 4
 2203 -4 -1 4
 2204 -4 -2 4
 2205 -4 -1 4
 2206 -4 -2 4
 2207 -4 -1 4
 2208 -4 -2 4
 2209 -4 -1 4
 2210 -4 -1 4
 2211 -4 -2 4
 2212 -4 -2 4
 2213 -4 -2 4
 2214 -4 -1 4
 2215 -4 -1 4
 2216 -4 -1 4
 2217 -4 -1 4
 2218 -4 -2 4
 2219 -4 -2 4
 2220 -4 -2 4
 2221 -4 -2 4
 2222 -5 -1 4
 2223 -4 -1 4
 2224 -4 -2 4
 2225 -4 -1 4
 2226 -2 -12 4
 2227 -3 -17 5
 2228 -5 -9 5
 2229 -5 -2 4
 2230 8 38 2
 2231 0 -11 -5
 2232 2 -30 -14
 2233 -2 -61 -40
 2234 -10 33 11
 2235 -7 51 4
 2236 -5 61 3
 2237 -25 -81 -10
 2238 -26 -12 3
 2239 -6 -19 4
 2240 -9 23 -5
 2241 -30 58 -10
 2242 -14 16 -17
 2243 -12 16 -1
 2244 -32 5 2
 2245 -13 1 4
 2246 -7 0 8
 2247 12 -31 6
 2248 -4 -9 1
 2249 0 -3 -1
 2250 -4 -2 4
 2251 -5 -1 5
 2252 -5 -1 1
 2253 -5 -1 4
 2254 -3 -2 4
 2255 -3 -2 -1
 2256 -2 -3 1
 2257 -2 -3 -1
 2258 2 -3 1
 2259 -1 -2 -1
 2260 -1 -2 3
 2261 -3 -2 4
 2262 -4 -1 5
 2263 -7 0 -2
 2264 -3 -2 0
 2265 11 -16 -2
 2266 -9 -4 -9
 2267 2 -4 0
 2268 -1 -2 2
 2269 -2 -2 4
 2270 -4 -2 4
 2271 -5 -1 5
 2272 -5 -1 4
 2273 -5 -1 5
 2274 -5 -1 3
 2275 -4 -2 4
 2276 -4 -2 3
 2277 -4 -2 3
 2278 -4 -2 4
 2279 -5 -2 4
 2280 -4 -2 4
 2281 -4 -2 4
 2282 -4 -1 4
 2283 -4 -2 4
 2284 -4 -2 4
 2285 -5 -2 4
 2286 -5 -2 4
 2287 -4 -1 4
 2288 -4 -2 4
 2289 -4 -2 3
 2290 -4 -2 4
 2291 -4 -1 4
 2292 -4 -2 4
 2293 -4 -1 4
 2294 -4 -2 4
 2295 -4 -2 4
 2296 -4 -2 3
 2297 -4 -1 4
 2298 -4 -1 4
 2299 -4 -2 4
 2300 -5 -2 4
 2301 -4 -1 4
 2302 -4 -1 4
 2303 -4 -2 3
 2304 -4 -2 4
 2305 -4 -2 4
 2306 -4 -2 4
 2307 -4 -2 4
 2308 -4 -2 4
 2309 -4 -2 3
 2310 -4 -2 4
 2311 -4 -2 4
 2312 -4 -2 4
 2313 -4 -1 4
 2314 -4 -2 4
 2315 -4 -2 3
 2316 -5 -2 4
 2317 -4 -2 4
 2318 -4 -1 4
 2319 -4 -2 4
 2320 -4 -2 4
 2321 -4 -2 4
 2322 -4 -1 4
 2323 -4 -2 4
 2324 -4 -1 4
 2325 -4 -2 4
 2326 -4 -2 4
 2327 -4 -2 4
 2328 -4 -2 4
 2329 -4 -1 4
 2330 -4 -2 4
 2331 -4 -1 4
 2332 -4 -2 4
 2333 -4 -2 4
 2334 -4 -1 4
 2335 -4 -1 4
 2336 -4 -1 4
 2337 -4 -1 4
 2338 -4 -2 4
 2339 -4 -2 4
 2340 -4 -1 4
 2341 -4 -2 4
 2342 -4 -2 4
 2343 -4 -2 4
 2344 -4 -2 4
 2345 -4 -2 4
 2346 -4 -2 4
 2347 -4 -2 4
 2348 -4 -2 4
 2349 -4 -2 4
 2350 -5 -1 4
 2351 -4 -2 4
 2352 -4 -2 4
 2353 -4 -2 4
 2354 -4 -1 4
 2355 -4 -2 4
 2356 -4 -1 4
 2357 -4 -2 4
 2358 -4 -2 4
 2359 -4 -1 4
 2360 -4 -2 4
 2361 -4 -1 4
 2362 -4 -2 4
 2363 -4 -2 4
 2364 -5 -2 4
 2365 -4 -1 4
 2366 -5 -2 4
 2367 -5 -1 4
 2368 -4 -1 4
 2369 -4 -1 4
 2370 -4 -2 4
 2371 -4 -2 4
 2372 -4 -2 4
 2373 -4 -2 4