 -4 -1 4
 -4 -2 4
 -4 -1 4
 -4 -1 4
 -4 -1 4
 -4 -2 4
 -4 -2 4
 -4 -1 4
 -4 -1 4
 -4 -2 4
 -4 -1 4
 -4 -2 4
 -4 -1 4
 -4 -2 4
 -4 -1 4
 -4 -1 4
 -4 -2 4
 -4 -2 4
 -4 -2 4
 -3 -1 4
 -4 -1 4
 -4 -2 4
 -4 -1 4
 -4 -1 4
 -4 -1 4
 -4 -2 4
 -4 -1 4
 -4 -2 4
 -4 -1 4
 -4 -1 4
 -4 -2 4
 -4 -1 4
 -5 -2 4
 -4 -1 4
 -4 -2 4
 -3 -2 4
 -4 -2 4
 -4 -2 4
 -4 -1 4
 -4 -2 4
 -4 -2 4
 -4 -2 4
 -4 -2 4
 -3 -2 4
 -4 -2 3
 -4 -2 4
 -4 -1 4
 -4 -1 4
 -4 -2 4
 -4 -2 4
 -4 -1 4
 -4 -1 4
 -4 -2 4
 -4 -2 4
 -4 -1 4
 -4 -1 4
 -4 -1 4
 -4 -1 4
 -4 -1 4
 -4 -1 4
 -4 -1 4
 -4 -1 4
 -4 -2 4
 -4 -1 4
 -2 -3 4
 -4 -2 4
 -4 -2 3
 -4 -1 4
 -4 -1 4
 -4 -2 4
 -4 -2 4
 -4 -1 4
 -4 -2 4
 -4 -1 4
 -4 -1 4
 -4 -1 4
 -4 -1 4
 -4 -1 4
 -4 -2 4
 -4 -1 4
 -4 -2 4
 -4 -2 4
 -4 -2 4
 -4 -2 4
 -4 -1 4
 -3 -2 4
 -4 -2 4
 -4 -1 4
 -4 -1 4
 -4 -2 4
 -4 -2 4
 -4 -2 4
 -4 -1 4
 -4 -1 4
 -4 -2 4
 -4 -2 4
 -4 -2 4
 -4 -2 4
 -4 -1 4
 -4 -2 4
 -4 -1 4
 -4 -1 4
 -4 -1 4
 -4 -1 4
 -4 -1 4
 -4 -1 4
 -4 -2 4
 -4 -2 4
 -4 -2 4
 -4 -2 4
 -4 -2 4
 -4 -2 4
 -5 -1 4
 -4 -1 4
 -4 -1 4
 -4 -1 4
 -4 -2 4
 -4 -1 4
 -4 -1 4
 -4 -1 4
 -4 -1 4
 -4 -2 4
 -4 -1 4
 -4 -1 4
 -4 -1 4
 -4 -1 4
 -4 -1 4
 -4 -2 4
 -4 -2 4
 -4 -1 4
 -4 -1 4
 -4 -1 4
 -4 -2 4
 -4 -1 4
 -4 -1 4
 -4 -1 4
 -4 -1 4
 -4 -2 4
 -4 -2 3
 -3 -1 4
 -4 -1 4
 -4 -2 4
 -4 -2 4
 -4 -2 4
 -4 -1 4
 -4 -2 4
 -4 -2 4
 -4 -1 4
 -4 -2 4
 -4 -2 4
 -4 -1 4
 -4 -2 4
 -3 -2 4
 -4 -2 3
 -4 -1 4
 -4 -1 4
 -4 -1 4
 -4 -1 4
 -4 -2 4
 -4 -1 4
 -4 -1 5
 -4 -1 4
 -4 -1 4
 -4 -2 4
 -4 -2 4
 -4 -1 4
 -4 -1 5
 -4 -1 4
 -4 -2 4
 -4 -2 4
 -4 -2 4
 -4 -1 4
 -4 -2 4
 -4 -2 4
 -4 -2 4
 -4 -1 4
 -4 -2 4
 -4 -1 4
 -4 -1 4
 -4 -1 4
 -4 -1 4
 -4 -1 4
 -4 -1 4
 -4 -2 4
 -4 -2 4
 -4 -1 4
 -4 -2 4
 -4 -1 4
 -4 -1 4
 -4 -1 4
 -4 -2 4
 -4 -1 4
 -4 -2 4
 -4 -2 4
 -4 -1 4
 -4 -2 4
 -4 -1 4
 -4 -2 4
 -4 -2 4
 -4 -1 4
 -4 -1 4
 -4 -1 4
 -4 -2 4
 -4 -1 4
 -4 -1 4
 -4 -1 4
 -4 -1 4
 -4 -1 4
 -4 -2 4
 -4 -1 4
 -4 -2 4
 -4 -2 4
 -4 -2 4
 -4 -1 4
 -4 -1 4
 -4 -2 4
 -4 -1 4
 -4 -2 4
 -4 -1 4
 -4 -1 4
 -4 -2 4
 -4 -2 4
 -4 -1 4
 -4 -1 4
 -4 -1 4
 -4 -1 4
 -4 -1 4
 -4 -1 4
 -4 -1 4
 -4 -2 4
 -4 -1 4
 -4 -1 4
 -4 -1 4
 -4 -1 4
 -4 -2 4
 -4 -1 4
 -4 -2 4
 -4 -1 4
 -4 -1 4
 -4 -1 4
 -4 -1 4
 -4 -1 4
 -4 -1 4
 -4 -2 4
 -4 -1 4
 -4 -2 4
 -4 -2 4
 -4 -1 4
 -4 -1 4
 -4 -2 4
 -4 -1 3
 -4 -1 4
 -4 -1 4
 -4 -2 4
 -4 -1 4
 -5 -1 4
 -6 -1 4
 -5 -1 4
 -4 -1 4
 -4 -1 4
 -4 -1 4
 -4 -2 4
 -4 -1 4
 -4 -1 4
 -4 -2 4
 -4 -1 4
 -4 -1 4
 -4 -1 4
 -4 -1 4
 -4 -1 4
 -4 -2 4
 -4 -2 4
 -4 -1 4
 -4 -1 4
 -4 -1 6
 -4 -2 7
 -4 -2 5
 -4 -1 5
 -4 -1 5
 -4 -2 5
 -4 -1 5
 -4 -2 5
 -4 -1 4
 -4 -1 4
 -4 -2 4
 -4 -2 4
 -4 -1 4
 -4 -2 4
 -4 -2 4
 -4 -1 4
 -4 -2 4
 -4 -1 4
 -4 -1 3
 -4 -1 2
 -4 -2 10
 -4 -1 11
 -4 -2 5
 -4 -1 6
 -4 -1 3
 -4 -1 4
 -4 -1 12
 -10 0 17
 -5 11 17
 -4 15 1
 -4 17 17
 51 18 22
 66 -103 22
 -301 -55 -20
 -59 28 32
 -70 3 -2
 -84 45 2
 -114 41 45
 -142 96 47
 -53 1 65
 380 -41 5
 14 -31 -12
 -61 16 19
 45 -8 28
 12 -20 26
 -114 22 39
 -126 6 10
 -132 18 16
 -113 -4 22
 -33 -7 8
 3 -20 17
 6 -8 10
 8 6 7
 -27 -10 -13
 11 -7 1
 25 -31 -3
 29 -30 -2
 -3 -19 -21
 1 -35 -7
 34 -24 1
 29 -8 5
 15 -6 -9
 -10 -25 -12
 27 -16 2
 116 -23 -54
 85 -65 -48
 6 18 -7
 36 -16 -6
 24 -22 -8
 -3 -27 -9
 -54 -77 5
 -25 -83 16
 -61 -139 9
 -34 -87 7
 -76 -124 3
 -151 -105 17
 -113 -96 -14
 -133 -62 24
 -143 -5 96
 -60 57 -24
 56 111 -7
 72 43 -20
 -214 167 25
 -38 161 60
 80 160 51
 107 112 102
 84 107 96
 82 35 131
 217 -10 194
 144 -48 133
 46 -34 99
 74 91 191
 23 -44 122
 126 15 61
 -2 -35 -12
 53 33 29
 32 -1 10
 22 -20 41
 -15 -42 30
 -13 -23 49
 -9 -97 43
 8 -83 16
 16 77 3
 -1 -40 10
 -3 -79 -11
 -123 -81 -26
 -160 -43 -61
 -36 -4 5
 -50 26 21
 -38 30 23
 -39 72 15
 13 57 22
 -16 70 44
 -11 45 19
 23 41 23
 55 0 25
 81 30 35
 34 16 11
 42 8 -24
 5 -1 -48
 31 -10 -47
 44 -10 -54
 30 -2 -49
 15 14 -21
 -27 0 -10
 18 47 3
 11 47 22
 7 23 1
 16 31 -14
 -20 31 20
 29 16 10
 -22 -4 -31
 -34 -8 -37
 -29 6 -31
 -30 7 -26
 -17 -29 -23
 -8 -39 8
 24 -66 23
 24 -74 35
 28 -96 62
 27 -56 40
 -2 -51 42
 -1 -6 30
 8 -2 20
 -8 13 7
 -7 -7 8
 -12 4 9
 -21 15 4
 -49 20 11
 -175 81 13
 -407 179 -2
 -456 184 3
 -613 263 14
 -604 368 39
 -555 396 48
 -492 403 68
 -398 344 51
 -486 455 82
 -440 489 146
 -481 486 148
 -428 384 172
 -403 367 171
 -242 310 195
 -371 320 218
 -402 289 252
 -458 246 247
 -487 251 264
 -556 249 206
 -234 131 173
 -168 109 111
 -143 83 84
 5 -2 26
 103 -15 8
 113 -30 -7
 51 -19 4
 11 -7 9
 -5 14 21
 63 0 37
 109 -13 52
 62 1 47
 44 3 49
 26 7 23
 -4 -1 4
 -6 4 -7
 8 -21 -12
 65 -70 -29
 130 -146 -73
 93 -102 -50
 116 -119 -45
 167 -168 -43
 148 -241 -78
 197 -288 -141
 336 -419 -201
 467 -484 -303
 543 -553 -294
 649 -639 -163
 490 -679 -215
 339 -528 -98
 367 -596 -45
 341 -534 0
 414 -518 32
 495 -548 96
 438 -511 84
 382 -312 108
 245 -152 122
 194 -81 91
 160 27 70
 45 10 10
 61 15 29
 35 -9 0
 4 20 6
 -28 -4 13
 -41 -12 30
 -79 -1 19
 -59 5 9
 -49 -14 9
 -31 -101 18
 -48 -205 33
 -59 -380 53
 -39 -440 71
 21 -441 96
 -16 -462 110
 27 -471 103
 18 -479 60
 71 -505 48
 139 -541 51
 118 -515 79
 84 -408 86
 59 -359 81
 40 -276 69
 22 -199 77
 34 25 61
 -72 207 -3
 -134 371 -63
 -88 421 -108
 -159 693 -62
 -73 719 -101
 -30 791 -82
 2 687 -99
 2 606 -68
 23 615 -84
 24 598 -89
 8 485 -89
 45 225 -58
 1 -3 -23
 -22 -41 -34
 -45 -29 -14
 -42 -128 16
 -17 -331 45
 35 -595 86
 55 -713 134
 84 -677 122
 3 -698 183
 62 -708 163
 4 -703 75
 210 -831 27
 5 -464 48
 42 -391 24
 -2 -214 6
 -2 4 16
 -44 276 47
 -158 685 72
 -131 566 -76
 -155 773 -120
 -117 807 -149
 -111 945 -83
 18 830 -35
 44 641 -71
 31 478 -88
 34 284 -68
 -25 182 -39
 -2 -43 -11
 -37 -213 10
 37 -480 62
 204 -791 116
 0 -812 166
 66 -743 177
 173 -850 167
 -49 -606 137
 114 -652 79
 -66 -486 64
 40 -376 86
 52 -250 14
 42 -25 -43
 -10 202 5
 -105 639 42
 -99 495 -82
 -105 567 -130
 -85 679 -201
 -43 609 -185
 -105 679 -87
 -94 785 -133
 -34 694 -48
 -118 666 -67
 -10 256 -47
 -17 23 -15
 -6 -64 15
 2 -238 36
 43 -512 83
 76 -787 160
 3 -628 139
 104 -811 186
 -118 -636 182
 63 -680 115
 56 -611 81
 -12 -549 82
 96 -459 66
 -10 -319 29
 70 -188 -9
 -8 120 -35
 -49 412 7
 -76 756 -18
 -142 767 -171
 -51 706 -119
 -59 592 -148
 49 395 -114
 -30 248 -135
 -140 213 -78
 -91 372 -36
 20 388 4
 154 346 -14
 80 309 3
 53 131 7
 60 126 3
 37 100 3
 4 105 -12
 -21 238 -11
 -76 350 -64
 -67 512 -108
 -113 604 -188
 -96 629 -129
 -101 725 -176
 -225 768 -196
 -231 758 -145
 -119 592 -77
 -24 442 -9
 -26 288 30
 -30 13 30
 9 -271 5
 192 -803 -29
 151 -961 58
 -147 -1037 2
 93 -1188 167
 207 -1032 126
 256 -1022 207
 307 -1007 216
 -84 -218 23
 -11 -331 77
 -34 -87 10
 26 159 26
 9 638 -8
 -141 933 -141
 -70 720 -115
 -47 863 -181
 -70 897 -142
 64 897 -96
 -84 988 -123
 -47 846 -31
 -23 789 -171
 -21 550 -71
 10 377 -59
 -59 62 -21
 -9 -175 3
 115 -643 120
 88 -902 -17
 -78 -906 -6
 10 -968 153
 60 -996 112
 86 -1004 136
 123 -837 99
 234 -991 218
 94 -676 142
 -40 -180 43
 -26 -36 43
 11 220 -12
 -87 674 -80
 -40 887 -129
 -11 903 -125
 -22 794 -204
 -82 959 -256
 -61 881 -214
 15 930 -191
 11 858 -158
 43 728 -75
 0 457 -33
 -84 225 -12
 -45 -76 47
 2 -372 35
 9 -841 -26
 -72 -975 101
 -155 -928 -60
 69 -1207 96
 151 -1040 65
 94 -874 87
 243 -764 182
 159 -625 176
 69 -447 132
 19 -205 66
 -24 100 8
 -42 519 -69
 -91 903 -215
 -84 1086 -231
 -89 941 -178
 -85 878 -197
 -38 839 -142
 -12 710 -119
 -58 731 -111
 -77 677 -78
 -71 479 -62
 -79 72 13
 -37 -273 11
 3 -619 -11
 20 -987 72
 73 -1092 102
 245 -1163 199
 259 -1114 230
 362 -721 213
 -94 -491 48
 -209 -180 29
 -207 -56 -17
 -166 17 -18
 -53 30 18
 87 -37 20
 195 -18 33
 557 -90 61
 664 -83 51
 858 -205 197
 608 49 -60
 671 -85 131
 653 -56 84
 772 -130 117
 699 -147 169
 540 -58 -31
 6 73 -148
 -367 45 -138
 -1151 104 -213
 -923 83 -152
 -1017 90 -160
 -1341 219 -302
 -1140 166 -244
 -816 95 -143
 -924 68 -210
 -833 58 -149
 -977 101 -190
 -966 127 -32
 -772 55 0
 -660 -77 21
 -509 -180 -35
 -279 -128 -49
 -100 -81 -126
 215 29 -77
 629 62 -23
 752 -1 -65
 1030 -1 16
 775 -71 -87
 1112 -169 -50
 1080 -482 -40
 1211 -363 31
 836 -131 -68
 891 -204 -4
 963 -159 8
 891 9 11
 1065 -126 100
 637 4 -143
 756 -33 12
 224 -1 -123
 -196 67 -91
 -996 88 -367
 -1314 156 -399
 -1262 132 -305
 -1526 246 -292
 -917 103 -151
 -976 26 -52
 -1377 321 -58
 -707 333 119
 -971 443 57
 -405 162 53
 -82 -1 -130
 90 -54 -198
 362 -69 -138
 672 -103 -20
 1110 -278 -26
 1184 -377 -47
 1168 -329 39
 1336 -428 115
 1047 -323 94
 719 -104 60
 1024 -196 225
 1047 -129 173
 832 -45 75
 670 11 58
 164 61 -63
 -245 42 -92
 -1045 132 -376
 -947 136 -291
 -1181 176 -332
 -826 48 -169
 -918 161 -189
 -897 147 -189
 -1027 209 -196
 -1699 341 -192
 -1023 227 -59
 -757 104 -35
 -619 97 -3
 -470 10 -37
 -314 159 73
 293 8 27
 817 -93 -17
 1467 -275 -88
 1055 -184 -73
 988 -327 -9
 1034 -305 27
 1092 -267 73
 1154 -269 137
 1063 -126 166
 729 1 92
 33 135 -9
 -14 84 -53
 -138 121 -62
 -457 143 -51
 -1257 355 -285
 -1105 192 -142
 -1367 211 -125
 -851 249 -18
 -723 149 -14
 77 -66 23
 651 -203 44
 696 -181 80
 490 -134 74
 281 -58 32
 110 -16 -13
 96 -49 -31
 81 -21 -86
 111 -14 -109
 29 -37 -83
 28 -72 -63
 13 -47 -71
 -30 -32 -87
 93 36 -94
 128 78 -35
 21 68 -19
 -17 38 -16
 -33 67 -15
 -62 26 -18
 -19 -39 -15
 -47 -85 -21
 25 -133 -47
 -1 -29 -44
 45 8 -41
 46 -14 -38
 57 3 -47
 51 -7 -43
 61 -27 -46
 59 -15 -41
 9 57 -59
 -10 12 -26
 -11 37 -18
 -50 17 94
 -48 75 302
 -87 34 586
 222 -64 840
 93 -7 877
 85 11 896
 150 -2 905
 88 29 874
 184 96 839
 -60 148 582
 -106 58 334
 -115 -102 168
 -89 -119 -201
 -204 -20 -669
 -121 102 -985
 -199 168 -1175
 -154 66 -1216
 -77 -67 -1089
 46 -86 -959
 15 -166 -999
 -108 253 -707
 -555 325 -482
 -317 111 -427
 28 1 -488
 -66 -52 -259
 -29 63 18
 -17 -22 404
 246 -29 533
 284 -10 507
 141 -14 519
 -117 -85 843
 111 -291 910
 420 27 1003
 485 159 1088
 -46 120 1111
 -256 -105 1174
 -214 -71 1342
 30 -70 1051
 -83 -31 875
 -50 5 325
 172 102 -286
 43 8 -876
 -72 20 -1280
 -147 72 -1461
 -369 248 -1575
 -106 295 -1182
 210 110 -1163
 -46 37 -1119
 -241 53 -1038
 -280 208 -747
 -232 276 -563
 -136 207 -181
 85 79 250
 161 49 595
 90 -89 775
 100 -60 895
 -116 39 983
 -302 -6 1176
 -95 -55 1230
 -90 -50 1194
 -77 -70 1283
 -75 -196 1095
 -53 -120 885
 -116 -79 680
 -311 -97 377
 -169 44 62
 24 55 -365
 0 74 -865
 -167 18 -1208
 99 80 -1363
 -44 115 -1312
 10 -10 -1092
 123 -99 -854
 -95 -52 -880
 -139 134 -704
 -226 126 -353
 -59 195 26
 50 15 23
 13 23 84
 -65 11 75
 -39 1 51
 -86 -99 -1
 105 38 19
 199 93 2
 91 47 90
 104 3 150
 157 -73 217
 347 -5 314
 74 -65 275
 -119 -53 69
 -53 -97 -277
 -87 -84 -275
 -100 -54 -203
 -152 21 13
 -166 30 -6
 -64 -30 -68
 -137 -4 -180
 16 6 23
 -8 -1 21
 19 14 31
 -16 -9 -12
 -5 -2 3
 -6 -3 2
 -7 -3 1
 -7 -3 2
 -7 -3 2
 -7 -3 2
 -7 -3 3
 -7 -3 3
 -6 -3 3
 -7 -4 3
 -6 -3 2
 -6 -3 3
 -7 -3 3
 -8 -3 2
 -6 -3 3
 -5 -2 3
 -4 -2 3
 -5 -2 3
 -3 -1 4
 -3 -1 3
 -4 -2 3
 -5 -2 3
 -6 -2 3
 -6 -2 4
 -5 -2 3
 -5 -2 3
 -5 -2 4
 -5 -2 4
 -5 -2 3
 -5 -2 4
 -5 -2 4
 -4 -2 3
 -3 -1 3
 -4 -2 3
 -5 -2 3
 -4 -2 3
 -5 -2 3
 -5 -2 4
 -5 -2 4
 -5 -2 4
 -4 -2 4
 -2 -1 4
 -5 -2 3
 -4 -2 3
 -4 -2 4
 -4 -2 4
 -4 -2 4
 -3 -1 4
 -4 -2 3
 -4 -2 4
 -4 -1 4
 -5 -2 3
 -5 -2 4
 -6 -2 4
 -6 -2 4
 -4 -2 4
 -4 -2 4
 -5 -2 4
 -5 -2 4
 -5 -2 4
 -6 -2 4
 -6 -2 4
 -5 -2 4
 -4 -2 3
 -4 -2 4
 -4 -2 4
 -4 -2 4
 -4 -2 4
 -4 -2 4
 -5 -2 4
 -5 -2 4
 -5 -2 4
 -4 -2 4
 -3 -2 4
 -3 -1 4
 -3 -1 3
 -4 -1 4
 -1 0 4
 1 1 4
 1 1 4
 0 0 4
 -2 -1 4
 -4 -2 4
 -5 -2 4
 -6 -3 4
 -5 -2 4
 -5 -2 4
 -4 -2 4
 -5 -2 4
 -5 -2 4
 -5 -2 4
 -5 -2 4
 -5 -2 4
 -5 -2 4
 -5 -2 4
 -5 -2 4
 -5 -2 4
 -4 -2 4
 -3 -1 4
 -4 -2 4
 -5 -2 4
 -5 -2 4
 -6 -3 4
 -6 -3 3
 -6 -3 4
 -5 -2 4
 -5 -2 4
 -4 -1 4
 -4 -2 4
 -4 -1 4
 -4 -1 4
 -3 -1 4
 -4 -2 4
 -5 -2 4
 -2 -1 4
 -3 -1 4
 -4 -2 4
 -6 -2 4
 -6 -3 4
 -6 -2 4
 -5 -2 4
 -4 -2 4
 -3 -1 4
 -4 -2 4
 -4 -1 4
 -5 -2 4
 -5 -2 4
 -4 -1 4
 -4 -2 4
 -4 -2 4
 -4 -1 4
 -5 -2 4
 -5 -2 4
 -4 -2 4
 -5 -2 4
 -5 -2 4
 -5 -2 4
 -4 -1 4
 -4 -1 4
 -4 -2 4
 -4 -2 4
 -4 -1 4
 -5 -2 4
 -4 -2 4
 -4 -2 4
 -5 -2 4
 -5 -2 4
 -6 -2 4
 -5 -2 4
 -5 -2 4
 -4 -2 4
 -4 -2 4
 -4 -2 4
 -5 -2 3
 -5 -1 4
 -4 -2 4
 -4 -2 4
 -4 -2 4
 -4 -1 4
 -4 -1 4
 -4 -1 4
 -5 -2 4
 -5 -2 4
 -5 -2 4
 -4 -2 4
 -4 -2 4
 -4 -2 4
 -4 -2 4
 -5 -2 4
 -5 -2 4
 -4 -1 4
 -4 -1 4
 -4 -2 4
 -4 -1 4
 -4 -2 4
 -4 -2 4
 -4 -1 4
 -4 -1 4
 -4 -2 4
 -4 -2 4
 -4 -2 4
 -4 -2 4
 -5 -2 4
 -4 -2 4
 -4 -1 4
 -4 -1 4
 -3 -1 4
 -4 -2 4
 -4 -2 4
 -5 -2 4
 -4 -2 4
 -4 -2 4
 -4 -2 4
 -3 -1 4
 -4 -2 4
 -4 -1 4
 -4 -2 4
 -5 -2 4
 -5 -2 4
 -4 -2 4
 -4 -2 4
 -4 -2 4
 -4 -2 4
 -4 -2 4
 -4 -2 4
 -4 -2 4
 -4 -2 4
 -5 -2 4
 -4 -2 4
 -4 -1 4
 -4 -2 4
 -4 -2 4
 -4 -1 4
 -3 -1 4
 -3 -1 4
 -3 -1 4
 -4 -1 4
 -5 -2 4
 -5 -2 4
 -4 -2 4
 -4 -2 4
 -4 -2 4
 -4 -2 4
 -4 -1 4
 -4 -1 4
 -4 -2 4
 -4 -2 4
 -4 -1 4
 -4 -1 4
 -5 -2 4
 -4 -2 4
 -5 -2 4
 -4 -2 4
 -4 -2 4
 -4 -1 4
 -4 -1 4
 -4 -2 4
 -5 -2 4
 -5 -2 4
 -4 -2 4
 -5 -2 4
 -4 -2 4
 -3 -1 4
 -3 -1 3
 -3 -1 4
 -4 -2 4
 -5 -2 4
 -5 -2 4
 -4 -2 4
 -4 -1 4
 -4 -2 4
 -5 -2 4
 -4 -2 4
 -4 -2 3
 -5 -2 4
 -4 -2 4
 -4 -2 4
 -4 -2 4
 -4 -1 4
 -5 -2 4
 -4 -1 4
 -4 -1 4
 -4 -2 4
 -5 -2 4
 -4 -1 4
 -5 -2 4
 -4 -2 4
 -4 -2 4
 -4 -2 4
 -4 -2 4
 -4 -1 4
 -5 -2 4
 -5 -2 4
 -5 -2 4
 -5 -2 4
 -5 -2 4
 -5 -2 4
 -5 -2 4
 -4 -2 4
 -4 -1 4
 -4 -1 4
 -4 -2 3
 -4 -2 4
 -5 -2 3
 -4 -2 4
 -4 -2 4
 -4 -2 4
 -3 -1 4
 -4 -1 4
 -5 -2 4
 -4 -2 4
 -4 -2 4
 -4 -2 4
 -4 -2 4
 -5 -2 4
 -5 -2 4
 -5 -2 4
 -4 -2 4
 -4 -2 4
 -5 -2 4
 -5 -2 4
 -4 -1 4
 -4 -1 4
 -4 -2 4
 -4 -2 4
 -5 -2 4
 -4 -1 4
 -5 -2 4
 -4 -1 4
 -4 -2 4
 -4 -2 4
 -4 -1 4
 -4 -2 4
 -4 -2 4
 -4 -1 4
 -4 -2 4
 -4 -2 4
 -4 -2 4
 -4 -2 4
 -4 -1 4
 -4 -2 4
 -5 -1 4
 -4 -1 4
 -4 -2 4
 -4 -1 4
 -5 -2 4
 -5 -2 4
 -4 -1 4
 -4 -2 4
 -4 -2 4
 -4 -1 4
 -4 -2 4
 -4 -2 4
 -3 -2 4
 -4 -2 4
 -4 -2 4
 -4 -2 4
 -4 -2 4
 -4 -2 4
 -4 -1 4
 -4 -2 4
 -4 -2 4
 -3 -2 4
 -4 -1 4
 -4 -2 4
 -5 -2 4
 -4 -2 4
 -4 -1 4
 -4 -1 4
 -4 -2 4
 -4 -2 4
 -4 -1 4
 -4 -2 4
 -4 -2 4
 -4 -2 4
 -5 -2 4
 -4 -2 4
 -4 -1 4
 -4 -1 4
 -4 -1 4
 -4 -1 4
 -4 -2 4
 -4 -1 4
 -4 -2 4
 -4 -2 4
 -4 -2 4
 -4 -2 4
 -5 -2 3
 -5 -2 4
 -4 -2 4
 -3 -1 4
 -3 -1 4
 -4 -2 4
 -4 -2 4
 -4 -1 4
 -4 -2 4
 -4 -1 3
 -4 -2 4
 -6 -2 4
 -6 -2 4
 -3 -1 4
 -2 -1 4
 -3 -1 4
 -4 -1 4
 -4 -2 4
 -5 -2 4
 -4 -1 4
 -4 -2 4
 -4 -1 4
 -5 -2 4
 -4 -2 4
 -4 -1 4
 -4 -2 4
 -4 -2 4
 -4 -2 4
 -4 -2 4
 -3 -2 4
 -4 -1 4
 -4 -1 4
 -4 -2 4
 -4 -2 4
 -5 -2 4
 -4 -2 4
 -4 -2 4
 -5 -2 4
 -5 -2 4
 -4 -2 4
 -4 -1 4
 -4 -1 4
 -4 -1 4
 -4 -2 4
 -5 -2 4
 -5 -2 4
 -4 -2 4
 -4 -2 4
 -4 -1 4
 -4 -1 4
 -4 -1 4
 -4 -2 4
 -4 -1 4
 -4 -2 4
 -4 -2 4
 -4 -1 4
 -5 -2 4
 -5 -2 4
 -4 -2 4
 -4 -1 4
 -4 -1 4
 -5 -2 4
 -4 -2 4
 -3 -2 4
 -4 -2 4
 -5 -2 4
 -5 -2 4
 -5 -2 4
 -4 -1 4
 -5 -2 4
 -5 -2 5
 -6 -3 4
 -5 -2 4
 -6 -3 4
 -5 -2 4
 -3 -1 4
 -4 -1 4
 -6 -3 4
 -7 -3 4
 -8 -3 4
 -7 -3 4
 -6 -2 4
 -4 -2 4
 -3 -1 4
 -4 -2 4
 -4 -2 4
 -5 -2 4
 -5 -2 4
 -5 -2 4
 -4 -2 4
 -4 -1 4
 -3 -1 4
 -3 -1 4
 -4 -2 4
 -6 -3 4
 -6 -3 4
 -6 -3 4
 -4 -2 4
 -2 -1 4
